Annual,APR,AUG,DEC,FEB,JAN,JUL,JUN,Jan-Feb,Jun-Sep,MAR,MAY,Mar-May,NOV,Number of Records,OCT,Oct-Dec,SEP,Subdivision,Year,FEB,SEPT,DEC
3373.2,2.3,481.1,33.6,87.1,49.2,365.1,517.5,136.3,1696.3,29.2,528.8,560.3,558.2,1,388.5,980.3,332.6,ANDAMAN & NICOBAR ISLANDS,1901,87.1,332.6,33.6
3520.7,0,753.7,160.5,159.8,0,228.9,537.1,159.8,2185.9,12.2,446.1,458.3,359,1,197.2,716.7,666.2,ANDAMAN & NICOBAR ISLANDS,1902,159.8,666.2,160.5
2957.4,1,326.7,225,144,12.7,728.4,479.9,156.7,1874,0,235.1,236.1,284.4,1,181.2,690.6,339,ANDAMAN & NICOBAR ISLANDS,1903,144,339,225
3079.6,202.4,160.1,40.1,14.7,9.4,502,495.1,24.1,1977.6,0,304.5,506.9,308.7,1,222.2,571,820.4,ANDAMAN & NICOBAR ISLANDS,1904,14.7,820.4,40.1
2566.7,26.9,330.5,344.7,0,1.3,368.7,628.7,1.3,1624.9,3.3,279.5,309.7,25.4,1,260.7,630.8,297,ANDAMAN & NICOBAR ISLANDS,1905,0,297,344.7
2534.4,0,320.5,79.2,0,36.6,247.7,733.3,36.6,1465.8,0,556.1,556.1,128.9,1,267.8,475.9,164.3,ANDAMAN & NICOBAR ISLANDS,1906,0,164.3,79.2
3347.9,21.6,377.6,245.6,0,110.7,443.9,305.2,110.7,1327.1,113.3,616.3,751.2,648.9,1,264.4,1158.9,200.4,ANDAMAN & NICOBAR ISLANDS,1907,0,200.4,245.6
3576.4,29,699.9,196.9,85.1,20.9,481.4,693.6,106,2303.7,0,562,591,208.1,1,170.7,575.7,428.8,ANDAMAN & NICOBAR ISLANDS,1908,85.1,428.8,196.9
2899.4,89.3,337.4,153.5,22.7,26.6,264.3,472.7,49.3,1701,206.3,224.5,520.1,267.3,1,208.2,629,626.6,ANDAMAN & NICOBAR ISLANDS,1910,22.7,626.6,153.5
2687.2,122.5,187.1,247.1,8.4,0,253,649,8.4,1553.6,0,327.3,449.8,94.5,1,333.8,675.4,464.5,ANDAMAN & NICOBAR ISLANDS,1911,8.4,464.5,247.1
2960.5,21.9,370.3,2.3,0.8,583.7,468.9,549.8,584.5,1775.2,0,140.7,162.6,117.2,1,318.7,438.2,386.2,ANDAMAN & NICOBAR ISLANDS,1912,0.8,386.2,2.3
2365.8,2.5,205.8,67.5,0.5,84.8,280.8,530,85.3,1596.7,1.3,190.7,194.5,133,1,288.8,489.3,580.1,ANDAMAN & NICOBAR ISLANDS,1913,0.5,580.1,67.5
2957.8,37.7,520.5,289.7,0,0,792.8,383.3,0,2007.4,0,298.8,336.5,184.4,1,139.8,613.9,310.8,ANDAMAN & NICOBAR ISLANDS,1914,0,310.8,289.7
2741.3,40.9,317.2,318,56.7,45,269,334.7,101.7,1350.7,33.3,170.2,244.4,258.4,1,468.1,1044.5,429.8,ANDAMAN & NICOBAR ISLANDS,1915,56.7,429.8,318
2937.5,0.5,425,133.7,0,0,317.3,450.1,0,1753.6,0,487.4,487.9,192.6,1,369.7,696,561.2,ANDAMAN & NICOBAR ISLANDS,1916,0,561.2,133.7
2612.4,4.5,437.4,236.9,3.6,8,394.8,301.1,11.6,1605.1,112,295.9,412.4,108.3,1,238.1,583.3,471.8,ANDAMAN & NICOBAR ISLANDS,1917,3.6,471.8,236.9
3275,10.7,455.4,175,6.9,77.4,200.9,710.8,84.3,1670.4,11.4,729.3,751.4,366.9,1,227,768.9,303.3,ANDAMAN & NICOBAR ISLANDS,1918,6.9,303.3,175
2352.1,35.5,259.8,258.4,18,10.2,246.5,542.5,28.2,1219.5,0,283.9,319.4,340.4,1,186.2,785,170.7,ANDAMAN & NICOBAR ISLANDS,1919,18,170.7,258.4
2943.2,13,467.4,85.5,7.4,122.3,294.4,546.9,129.7,1814.1,3.1,237.4,253.5,262.9,1,397.5,745.9,505.4,ANDAMAN & NICOBAR ISLANDS,1920,7.4,505.4,85.5
2606.4,37.5,330,41.5,3.1,13.2,487.1,282.7,16.3,1681,0,351.2,388.7,118.2,1,360.7,520.4,581.2,ANDAMAN & NICOBAR ISLANDS,1921,3.1,581.2,41.5
3554.2,323.1,307.4,192.2,34.3,245.3,425.8,506.1,279.6,1751,15.6,289.7,628.4,541,1,162,895.2,511.7,ANDAMAN & NICOBAR ISLANDS,1922,34.3,511.7,192.2
,91.3,182.2,70.6,0,79.5,636.9,808.4,79.5,2188,,293.5,,197.4,1,131.9,399.9,560.5,ANDAMAN & NICOBAR ISLANDS,1923,0,560.5,70.6
,89.7,290.9,,0,28.7,493.3,261.2,28.7,1296.6,14.8,191.2,295.7,378.6,1,331.1,,251.2,ANDAMAN & NICOBAR ISLANDS,1924,0,251.2,-709.7
2480.5,50.4,278.2,196,0,36.6,241.8,663.8,36.6,1385.7,8.6,282.2,341.2,271.5,1,249.5,717,201.9,ANDAMAN & NICOBAR ISLANDS,1925,0,201.9,196
3282.2,0.5,523.7,560.7,0,122.1,195.3,370,122.1,1808.3,0,198.4,198.9,148.4,1,443.8,1152.9,719.3,ANDAMAN & NICOBAR ISLANDS,1926,0,719.3,560.7
2442.9,108.6,370.1,65.5,17.5,3,195.2,433.3,20.5,1124.8,17.8,504.1,630.5,274.1,1,327.5,667.1,126.2,ANDAMAN & NICOBAR ISLANDS,1927,17.5,126.2,65.5
2998.3,129.3,391.5,13.5,67.6,50.9,406.3,410.2,118.5,1612.8,80.7,499.5,709.5,99.5,1,444.5,557.5,404.8,ANDAMAN & NICOBAR ISLANDS,1928,67.6,404.8,13.5
2926.6,69.8,644.7,13.5,118.4,74.2,134,588.8,192.6,1540.4,129.2,316.6,515.6,251.5,1,413,678,172.9,ANDAMAN & NICOBAR ISLANDS,1929,118.4,172.9,13.5
3075.1,10.9,446.7,201.6,105.4,87.4,317.9,533.6,192.8,1975.4,131.2,231.5,373.6,249.4,1,82.3,533.3,677.2,ANDAMAN & NICOBAR ISLANDS,1930,105.4,677.2,201.6
2357.7,2.5,571,182.7,0,25.3,289.3,393.5,25.3,1548.2,2.5,205.4,210.4,22.8,1,368.3,573.8,294.4,ANDAMAN & NICOBAR ISLANDS,1931,0,294.4,182.7
,58.2,,,2.5,2.8,,,5.3,,10.1,479.7,548,,1,,,,ANDAMAN & NICOBAR ISLANDS,1932,2.5,0,0
2987.5,58.4,294.1,56.9,11.7,4.5,376.6,544.2,16.2,1973.9,8.1,365.4,431.9,268.8,1,239.8,565.5,759,ANDAMAN & NICOBAR ISLANDS,1933,11.7,759,56.9
3722.8,131.4,924.9,46.1,172.9,7.3,323.5,708.4,180.2,2717.9,6.9,62,200.3,240.2,1,338.1,624.4,761.1,ANDAMAN & NICOBAR ISLANDS,1934,172.9,761.1,46.1
3154,133.6,411.6,95.4,0,6.6,368.7,374.1,6.6,1733.3,0.5,726.8,860.9,275.4,1,182.4,553.2,578.9,ANDAMAN & NICOBAR ISLANDS,1935,0,578.9,95.4
,,562.9,212.2,15.3,16.5,664.8,498.3,31.8,2109.8,116.5,194.3,,199.2,1,174.9,586.3,383.8,ANDAMAN & NICOBAR ISLANDS,1936,15.3,383.8,212.2
3591.1,112,332,617.5,10.7,21.6,449.5,732.8,32.3,1863.8,0,330.5,442.5,251.7,1,383.3,1252.5,349.5,ANDAMAN & NICOBAR ISLANDS,1937,10.7,349.5,617.5
3264.4,101.6,397.1,107.5,57.2,13.4,318.2,668.6,70.6,1930.6,50.5,368.9,521,316.3,1,318.4,742.2,546.7,ANDAMAN & NICOBAR ISLANDS,1938,57.2,546.7,107.5
2782.5,77.3,202.8,131.3,1.5,54.1,335.6,541,55.6,1591.9,16.1,480.5,573.9,165.9,1,263.9,561.1,512.5,ANDAMAN & NICOBAR ISLANDS,1939,1.5,512.5,131.3
3007.5,0,889.2,318.8,2.8,0.5,268.1,335.4,3.3,1970.2,59.4,320.7,380.1,221,1,114.1,653.9,477.5,ANDAMAN & NICOBAR ISLANDS,1940,2.8,477.5,318.8
2898.2,77.8,311.9,279.5,12.8,0,302.5,497,12.8,1627.4,0,251.9,329.7,266,1,382.8,928.3,516,ANDAMAN & NICOBAR ISLANDS,1941,12.8,516,279.5
,,,,7.4,39.2,,,46.6,,,,,,1,,,,ANDAMAN & NICOBAR ISLANDS,1942,7.4,0,0
2791.6,135.2,367.4,243.8,3.6,84.4,189,535.9,88,1570.6,21.1,309.1,465.4,146.9,1,276.9,667.6,478.3,ANDAMAN & NICOBAR ISLANDS,1946,3.6,478.3,243.8
,127.7,293.7,168.6,111.1,25.1,490,965.6,136.2,,63.2,206.3,397.2,67.5,1,376,612.1,,ANDAMAN & NICOBAR ISLANDS,1947,111.1,-1749.3,168.6
3489.6,166.5,404,7,56.4,0,743.3,658.4,56.4,2433.2,0,405.8,572.3,81.1,1,339.6,427.7,627.5,ANDAMAN & NICOBAR ISLANDS,1949,56.4,627.5,7
2422.2,95.5,347.3,169.4,0,0.8,366.7,369.9,0.8,1578.4,0,264.2,359.7,89.3,1,224.6,483.3,494.5,ANDAMAN & NICOBAR ISLANDS,1950,0,494.5,169.4
3275.1,45.4,101.3,434.8,7.2,82.7,665.3,619.9,89.9,1747.4,0,259,304.4,209.6,1,489,1133.4,360.9,ANDAMAN & NICOBAR ISLANDS,1951,7.2,360.9,434.8
3079.9,39.4,541.3,89.2,0.8,0,385.5,657.7,0.8,1824.8,69.7,452.9,562,287.5,1,315.6,692.3,240.3,ANDAMAN & NICOBAR ISLANDS,1952,0.8,240.3,89.2
2721.9,159.4,262.8,63.3,65.3,56,444.4,549.9,121.3,1627.1,20.1,241.1,420.5,246,1,243.6,552.9,370.1,ANDAMAN & NICOBAR ISLANDS,1953,65.3,370,63.3
3449,58,605.4,124.7,2.1,83.8,510.8,539.4,85.9,2419.4,34.3,394.7,487,84.8,1,247.2,456.7,763.8,ANDAMAN & NICOBAR ISLANDS,1954,2.1,763.8,124.7
3349.6,68.8,356.9,44.2,28.2,57.3,298.4,651.1,85.5,1648.3,9.9,663.6,742.2,362.9,1,466.5,873.6,341.8,ANDAMAN & NICOBAR ISLANDS,1955,28.2,341.9,44.2
3080,130.3,467.7,70.5,77.2,49.2,468.4,343.1,126.4,1604.4,33.8,491.8,656,164.1,1,458.7,693.3,325.1,ANDAMAN & NICOBAR ISLANDS,1956,77.2,325.2,70.5
2507.2,19,421.3,71.9,19.3,28,316.2,741.9,47.3,1833.6,4.6,142.4,166,88.6,1,299.7,460.3,354.3,ANDAMAN & NICOBAR ISLANDS,1957,19.3,354.2,72
2807.4,24.6,388.4,70.7,14.3,22.9,440.7,530.7,37.2,1710.4,30.4,355.1,410.2,313.8,1,265.2,649.6,350.6,ANDAMAN & NICOBAR ISLANDS,1958,14.3,350.6,70.6
3343.3,86.7,409.3,128.5,1.8,10.1,817.1,455.7,11.9,2271.7,31.3,238.1,356.1,242.5,1,332.7,703.6,589.6,ANDAMAN & NICOBAR ISLANDS,1959,1.8,589.6,128.4
3025,53.5,270.7,92.8,72.4,104.2,308.4,541.5,176.6,1563,12.1,535.4,601,191.7,1,400,684.5,442.4,ANDAMAN & NICOBAR ISLANDS,1960,72.4,442.4,92.8
3938.2,88.1,557.1,144.5,99.4,82.1,304.9,383.3,181.5,1857.3,33.2,973.1,1094.5,280.6,1,379.9,805,612,ANDAMAN & NICOBAR ISLANDS,1961,99.4,612,144.5
2959.7,46.4,420.6,384.9,14.9,152.4,409.1,367.7,167.3,1671.9,17.3,310.4,374.1,101.7,1,259.8,746.4,474.5,ANDAMAN & NICOBAR ISLANDS,1962,14.9,474.5,384.9
2981.7,69.5,601.2,179.9,26.8,79.9,303.3,434.7,106.7,1953.5,7.4,259.9,336.8,109.3,1,295.5,584.7,614.3,ANDAMAN & NICOBAR ISLANDS,1963,26.8,614.3,179.9
3054.8,18.1,472.1,101.6,21.9,65.5,287.3,465.3,87.4,1745.9,3.1,530.6,551.8,349.2,1,218.9,669.8,521.2,ANDAMAN & NICOBAR ISLANDS,1964,21.9,521.2,101.7
3163.8,51,396.6,500.4,30.4,11.8,392.1,408.8,42.2,1774.3,25.3,292.3,368.5,187.9,1,290.5,978.8,576.8,ANDAMAN & NICOBAR ISLANDS,1965,30.4,576.8,500.4
2701.2,38.7,335.6,311.9,4.2,79.8,433.5,148.8,83.9,1372.1,12,376.9,427.6,333.8,1,171.9,817.6,454.1,ANDAMAN & NICOBAR ISLANDS,1966,4.1,454.2,311.9
3216.4,63.4,614.3,97,21.6,164.6,537.8,340.8,186.2,1796.4,30,516.4,609.7,99.7,1,427.5,624.1,303.5,ANDAMAN & NICOBAR ISLANDS,1967,21.6,303.5,96.9
2762.8,81.5,242,119.2,1.3,22.1,519.3,545.2,23.4,1803.3,4.2,297.6,383.3,152,1,281.6,552.8,496.8,ANDAMAN & NICOBAR ISLANDS,1968,1.3,496.8,119.2
2619,20.8,281.4,65.8,64.7,106.3,345.2,422.8,171,1539.1,14.6,317.3,352.7,343.7,1,146.8,556.3,489.8,ANDAMAN & NICOBAR ISLANDS,1969,64.7,489.7,65.8
3370.8,58.2,342.9,232.7,34,72.2,564.6,407.3,106.2,1738.2,7.8,422.7,488.7,418.4,1,386.6,1037.7,423.5,ANDAMAN & NICOBAR ISLANDS,1970,34,423.4,232.7
2998.6,35.3,327.9,155.9,32.8,41.5,421.1,394.6,74.3,1613.7,37.7,398,471,178.4,1,505.3,839.6,470.2,ANDAMAN & NICOBAR ISLANDS,1971,32.8,470.1,155.9
3323,178.3,384.9,180,1.7,13.7,544.6,470,15.3,1844,7.5,420.2,605.9,413.9,1,263.8,857.7,444.5,ANDAMAN & NICOBAR ISLANDS,1972,1.6,444.5,180
2991.1,29.6,370.3,289.1,20.3,18.1,371.4,488.6,38.5,1587.8,30.5,418.6,478.7,349.8,1,247.2,886.1,357.5,ANDAMAN & NICOBAR ISLANDS,1973,20.4,357.5,289.1
2962,301.4,456.2,74.8,43.9,22.2,257.1,343.8,66,1378.7,17.2,353.3,672,372.2,1,398.4,845.3,321.6,ANDAMAN & NICOBAR ISLANDS,1974,43.8,321.6,74.7
3085.7,24.2,357.4,99.7,27.5,276.9,173.6,706.3,304.4,1589.1,8,362.9,395.2,323.7,1,373.6,797,351.8,ANDAMAN & NICOBAR ISLANDS,1975,27.5,351.8,99.7
3276,161.6,487.7,359.6,9.7,20.9,382.1,441.4,30.6,1698.2,0.6,551.4,713.5,307.2,1,166.8,833.7,387,ANDAMAN & NICOBAR ISLANDS,1976,9.7,387,359.7
2388.2,6.9,345.5,67.1,43.2,79.7,341.1,339.3,122.9,1492.9,6.1,275.3,288.3,153.3,1,263.6,484.1,467.1,ANDAMAN & NICOBAR ISLANDS,1977,43.2,467,67.2
2712.4,63.4,346.3,44.6,29.3,109.6,656.6,462.2,138.9,1775.9,18.9,343.6,425.9,83.4,1,243.7,371.6,310.8,ANDAMAN & NICOBAR ISLANDS,1978,29.3,310.8,44.5
1849.4,64.8,173.6,13.6,9.4,35.5,455.9,282.8,44.9,1242.5,3.9,146.3,215,169.8,1,163.5,347,330.2,ANDAMAN & NICOBAR ISLANDS,1979,9.4,330.2,13.7
3625.3,38.8,494.4,500.7,0.8,5.5,575.7,604.2,6.3,1946.3,9.2,728.4,776.5,143.7,1,252,896.3,271.9,ANDAMAN & NICOBAR ISLANDS,1980,0.8,272,500.6
3074.8,94.1,510.7,170.7,27.8,11.1,344.1,600.6,38.9,1908,1.7,270.8,366.7,348.4,1,242.1,761.2,452.6,ANDAMAN & NICOBAR ISLANDS,1981,27.8,452.6,170.7
2384.5,97.5,347.6,60.5,2.8,8.8,410.5,448.7,11.6,1575.8,6.6,229.2,333.3,238.8,1,164.5,463.8,369,ANDAMAN & NICOBAR ISLANDS,1982,2.8,369,60.5
2792.4,9.1,493.8,88.1,0,22.1,468.9,424.3,22.1,1892.4,3.1,240.8,253,261,1,275.8,624.9,505.5,ANDAMAN & NICOBAR ISLANDS,1983,0,505.4,88.1
2820.3,156.6,125.8,445.2,173.8,69.4,446.4,424.9,243.2,1280.7,26.3,162.3,345.2,158.9,1,347.1,951.2,283.6,ANDAMAN & NICOBAR ISLANDS,1984,173.8,283.6,445.2
2630.8,55,375.2,94.4,19.2,12,230.9,588.4,31.2,1557,24.1,278.1,357.2,232.1,1,358.9,685.4,362.5,ANDAMAN & NICOBAR ISLANDS,1985,19.2,362.5,94.4
2187.8,8.2,444,47,0.6,14.8,308.5,312.2,15.4,1473.6,1.5,302.6,312.3,163.5,1,176.1,386.5,408.9,ANDAMAN & NICOBAR ISLANDS,1986,0.6,408.9,46.9
2764,17.7,666.5,334.1,35.2,72.4,45.3,343.7,107.6,1434.5,20.4,162.9,200.9,313.4,1,373.4,1021,378.9,ANDAMAN & NICOBAR ISLANDS,1987,35.2,379,334.2
3323,82.7,354.2,69.9,39.9,10.2,495.6,357.4,50.1,1810.5,28,427.5,538.1,583,1,271.4,924.3,603.3,ANDAMAN & NICOBAR ISLANDS,1988,39.9,603.3,69.9
2533.6,42.6,413.2,4,12.8,56,380.1,414.9,68.8,1424.1,68.1,379.3,490,255,1,291.8,550.7,215.9,ANDAMAN & NICOBAR ISLANDS,1989,12.8,215.9,3.9
2183.4,87.5,293.3,100.3,0.2,13.4,213.2,291,13.6,1108,24.6,424.6,536.8,291.1,1,133.6,525.1,310.4,ANDAMAN & NICOBAR ISLANDS,1990,0.2,310.5,100.4
2535.8,132.9,486.5,58.5,3.8,14.1,547.2,165.7,18,1689.3,28,191.3,352.2,130.1,1,287.6,476.2,489.9,ANDAMAN & NICOBAR ISLANDS,1991,3.9,489.9,58.5
2098.7,5.1,372.3,7.2,10.9,75.9,348.2,392,86.8,1436.2,0,241.7,246.8,64.3,1,257.3,328.8,323.7,ANDAMAN & NICOBAR ISLANDS,1992,10.9,323.7,7.2
2237.4,43.7,226.7,66.7,0,14.9,391.7,257.1,14.9,1312.5,129.9,181.4,355,189,1,299.3,555,437,ANDAMAN & NICOBAR ISLANDS,1993,0,437,66.7
3262.8,154.6,460.5,23.8,35.5,7.2,569.7,386.3,42.6,2191.5,129.4,403.2,687.2,180.3,1,137.5,341.5,775.1,ANDAMAN & NICOBAR ISLANDS,1994,35.4,775,23.7
3115.4,21.1,555.8,21.6,12.5,51.8,501.4,450.4,64.3,1933.9,12.1,314.8,348.1,452.9,1,294.7,769.2,426.4,ANDAMAN & NICOBAR ISLANDS,1995,12.5,426.3,21.6
2996.9,122.7,328,178.8,4.8,52.2,335.5,559.2,57,1764.3,3.4,298,424.1,254.2,1,318.5,751.5,541.6,ANDAMAN & NICOBAR ISLANDS,1996,4.8,541.6,178.8
2755.1,15.6,430.6,38.4,0,9.5,918.5,199.5,9.5,1988.8,0.2,281.1,296.9,292.8,1,128.7,459.9,440.2,ANDAMAN & NICOBAR ISLANDS,1997,0,440.2,38.4
2846.4,0,258.9,89,0,0.9,364.5,600,0.9,1561.2,0,348.9,348.9,227.8,1,618.6,935.4,337.8,ANDAMAN & NICOBAR ISLANDS,1998,0,337.8,89
2699.7,270.6,329.2,145.7,44.6,46.8,408.5,295,91.4,1358,14.2,257.4,542.2,124.9,1,437.5,708.1,325.3,ANDAMAN & NICOBAR ISLANDS,1999,44.6,325.3,145.7
2763.2,218.1,460.8,115.2,59,53,176.3,357,112,1244.2,171.3,422.8,812.2,158.3,1,321.2,594.7,250.1,ANDAMAN & NICOBAR ISLANDS,2000,59,250.1,115.2
3080.9,30.1,469,91.8,15.7,89,341.3,370.7,104.7,1515.4,143.3,705.3,878.7,222.6,1,267.6,582,334.4,ANDAMAN & NICOBAR ISLANDS,2001,15.7,334.4,91.8
2620.2,100.2,429.8,129.9,0,10.6,317.4,358.3,10.7,1525.6,11.5,366.7,478.4,306.7,1,169,605.5,420,ANDAMAN & NICOBAR ISLANDS,2002,0.1,420.1,129.8
2355.9,19.4,379.4,48,7.9,44.3,494.9,159.9,52.2,1406.1,149.2,296.3,465,74.1,1,310.4,432.5,371.9,ANDAMAN & NICOBAR ISLANDS,2003,7.9,371.9,48
2460.1,41.6,308.7,0.4,35.9,54.5,378.9,423.9,90.4,1392.2,36.5,505.1,583.2,169.9,1,223.9,394.2,280.7,ANDAMAN & NICOBAR ISLANDS,2004,35.9,280.7,0.4
2954.7,51.1,311.1,283.9,0,0,429.3,452.4,0,1700.4,20.3,305.3,376.8,300.1,1,293.5,877.5,507.5,ANDAMAN & NICOBAR ISLANDS,2005,0,507.6,283.9
2404.7,163.7,219.6,74.4,14.4,16.3,182.7,366,30.7,1314.9,48.9,321.4,534,76.1,1,374.7,525.2,546.5,ANDAMAN & NICOBAR ISLANDS,2006,14.4,546.6,74.4
2748,54.6,465.3,85.6,1.6,4.9,463.2,378.3,6.5,1793.1,5,370,429.6,223.9,1,209.4,518.9,486.4,ANDAMAN & NICOBAR ISLANDS,2007,1.6,486.3,85.6
3374.8,216.1,482.1,72,67.7,9.9,511.2,457.8,77.6,1783.1,115.8,545.5,877.3,321.1,1,243.7,636.8,332,ANDAMAN & NICOBAR ISLANDS,2008,67.7,332,72
2538.6,136.5,351.5,48,6.3,24.5,297.3,633.5,30.8,1627.1,44.2,313.1,493.7,66.2,1,272.8,386.9,344.7,ANDAMAN & NICOBAR ISLANDS,2009,6.3,344.8,47.9
3157.1,12.5,563.8,246.4,8,101.7,521.9,448.9,109.8,1797.8,0.7,319,332.2,268.5,1,402.4,917.3,263.3,ANDAMAN & NICOBAR ISLANDS,2010,8.1,263.2,246.4
3828,111.4,441.5,238.5,84.8,265.9,583.2,383.2,350.7,2165,272.8,326.5,710.7,150.8,1,212.3,601.6,757.1,ANDAMAN & NICOBAR ISLANDS,2011,84.8,757.1,238.5
3497.6,55.8,369.6,187.3,45.6,119.9,317.3,458.2,165.6,2014,30.9,533.9,620.5,300.5,1,209.7,697.5,868.9,ANDAMAN & NICOBAR ISLANDS,2012,45.7,868.9,187.3
3757.8,46.3,336.7,92.3,37.6,67.1,564.8,777,104.7,2152.1,43,509.3,598.6,354.2,1,455.8,902.4,473.6,ANDAMAN & NICOBAR ISLANDS,2013,37.6,473.6,92.4
2622.4,11.1,321.6,100.4,8.6,41.9,467.6,416.6,50.5,1618.7,0,238,249.1,201.2,1,402.6,704.2,412.9,ANDAMAN & NICOBAR ISLANDS,2014,8.6,412.9,100.4
2904.6,138.2,480,129.9,7.6,126.8,328.9,346.4,134.4,1678.6,3.1,331.9,473.2,236.3,1,252.1,618.4,523.3,ANDAMAN & NICOBAR ISLANDS,2015,7.6,523.3,130
,316.1,629.7,,69.8,48.1,,1124.9,117.9,,71.1,424.6,811.8,,1,,,333.9,ARUNACHAL PRADESH,1916,69.8,-1754.6,0
,269.6,628.4,0,164.5,21.4,909.1,823.8,185.9,2772.8,,107.9,,63.5,1,199.3,262.8,411.5,ARUNACHAL PRADESH,1917,164.5,411.5,0
5486.3,144.6,692.6,13.7,11,10.4,1303,1609.9,21.4,4121.3,191.2,861.1,1196.9,7.8,1,125.2,146.7,515.8,ARUNACHAL PRADESH,1918,11,515.8,13.7
4693.9,256.9,286.7,8.6,67.8,34.5,999,973.6,102.3,2888,28.5,420.6,706,40.7,1,948.3,997.6,628.7,ARUNACHAL PRADESH,1919,67.8,628.7,8.6
4106.7,364.7,896.5,0,196.3,14,535.4,840.6,210.3,2649.2,605.6,173.6,1143.9,0,1,103.3,103.3,376.7,ARUNACHAL PRADESH,1920,196.3,376.7,0
5691.4,358,885.9,15.5,54.3,78.9,1433,1233.2,133.2,4155.5,180.3,598,1136.3,4.6,1,246.3,266.4,603.4,ARUNACHAL PRADESH,1921,54.3,603.4,15.5
4187.2,299.5,488.3,19,59.4,50.7,918.7,1109.3,110.1,2723.9,170.4,350.5,820.4,30.3,1,483.5,532.8,207.6,ARUNACHAL PRADESH,1922,59.4,207.6,19
3507.5,240.9,251.3,2.8,160.8,9.4,1278.5,408.6,170.2,2555.7,34,445.4,720.3,8.4,1,50.1,61.3,617.3,ARUNACHAL PRADESH,1923,160.8,617.3,2.8
4450.5,162.4,713.8,0,45.1,85.7,942.7,1165,130.8,3232.3,74.1,515.7,752.2,31.9,1,303.3,335.2,410.8,ARUNACHAL PRADESH,1924,45.1,410.8,0
4439.8,223,684.7,4.1,114,80.6,611,611.6,194.6,3129.3,143.3,587.2,953.5,5.1,1,153.2,162.4,1222,ARUNACHAL PRADESH,1925,114,1222,4.1
3521.6,249.7,445.6,49.3,40.8,38.1,978.7,675.2,78.9,2386.4,179.1,248.1,676.9,18.6,1,311.5,379.4,286.9,ARUNACHAL PRADESH,1926,40.8,286.9,49.3
5253.2,384,727.8,0,208.5,48.3,923.2,1045.4,256.8,3805.3,88.1,164,636.1,17.8,1,537.2,555,1108.9,ARUNACHAL PRADESH,1927,208.5,1108.9,0
5272.7,123.4,981.2,2.3,39.7,48.9,993.6,1168.3,88.6,3849.2,118.2,431.9,673.5,25.6,1,633.5,661.4,706.1,ARUNACHAL PRADESH,1928,39.7,706.1,2.3
4320.2,492.3,670,109.5,59.2,144.8,614.4,853,204.1,2521.8,124.3,615.8,1232.4,64.5,1,188,362,384.3,ARUNACHAL PRADESH,1929,59.3,384.4,109.5
4334.1,565.4,1055.5,24.9,84.3,64.4,376.2,720.9,148.7,2789.5,202.5,148.9,916.8,93.2,1,361.1,479.1,637,ARUNACHAL PRADESH,1930,84.3,636.9,24.8
4872.1,502.7,337.7,46.2,189.7,61.3,1399.9,1149.4,251,3367.7,231.6,277.7,1012,37.8,1,157.4,241.3,480.7,ARUNACHAL PRADESH,1931,189.7,480.7,46.1
4850.9,282.7,907.8,59.9,110.3,70.2,521.2,1065.2,180.5,3177.1,105.5,661.6,1049.8,231.4,1,152.2,443.5,682.9,ARUNACHAL PRADESH,1932,110.3,682.9,59.9
3773.3,267.9,685.2,8.1,59.4,56,743.2,782.1,115.4,2586.5,101.6,435.3,804.8,40.6,1,217.9,266.6,376.1,ARUNACHAL PRADESH,1933,59.4,376,8.1
4575.7,595.1,640.9,21.9,88.3,84.9,935.9,1024.6,173.2,2984,128.3,454.5,1177.9,77,1,141.6,240.6,382.6,ARUNACHAL PRADESH,1934,88.3,382.6,22
4173.7,211.2,968.8,27.4,143.6,18.1,489.9,1147.1,161.8,3237.5,169.7,299.9,680.9,44.4,1,21.8,93.6,631.6,ARUNACHAL PRADESH,1935,143.7,631.7,27.4
4788.9,374.7,668.4,127.6,175.2,105.9,1132.8,833.1,281.1,3218.6,151.7,295.7,822.2,122.8,1,216.5,467,584.3,ARUNACHAL PRADESH,1936,175.2,584.3,127.7
3375.1,261,816.9,17.3,105.6,19.9,611.6,456.4,125.5,2224.6,91.2,399,751.2,16.7,1,239.8,273.8,339.7,ARUNACHAL PRADESH,1937,105.6,339.7,17.3
6129,395.3,790.8,5.6,121.6,144.8,1355.1,1511.3,266.4,4534.5,340.5,306.5,1042.3,59.7,1,220.6,285.8,877.3,ARUNACHAL PRADESH,1938,121.6,877.3,5.5
3898.7,388.1,310.2,7.7,140.5,13.6,838.5,1132.5,154.2,2757.6,112.7,314.6,815.5,6.2,1,157.6,171.4,476.4,ARUNACHAL PRADESH,1939,140.6,476.4,7.6
4099.3,133.9,340.5,44.3,168.5,12.7,1067.9,511,181.2,2710.7,381.8,480.5,996.2,12.4,1,154.6,211.3,791.4,ARUNACHAL PRADESH,1940,168.5,791.3,44.3
4220.2,245.4,729.2,45.9,101.7,37.4,935.9,518.1,139.1,2870.3,157.9,652.4,1055.7,19.6,1,89.7,155.2,687,ARUNACHAL PRADESH,1941,101.7,687.1,45.9
3828.2,272.4,438.9,1.1,164.9,15.8,457.5,1182.6,180.7,2436.6,277.8,618.9,1169.1,32.1,1,8.7,41.9,357.6,ARUNACHAL PRADESH,1942,164.9,357.6,1.1
4326.7,322.6,501,22.8,46.3,164.5,688.1,712.3,210.8,2629.2,286.3,656.6,1265.4,43,1,155.4,221.3,727.7,ARUNACHAL PRADESH,1943,46.3,727.8,22.9
3904.3,179.9,307.4,47.5,67,73.1,483.6,935.9,140.1,2383,128.4,664.6,972.9,26,1,334.8,408.4,656.1,ARUNACHAL PRADESH,1944,67,656.1,47.6
3649.3,282.9,771.3,28.7,107.8,43.4,960,420.2,151.2,2480.1,151.3,366,800.2,1.3,1,187.7,217.7,328.6,ARUNACHAL PRADESH,1945,107.8,328.6,28.7
4011.2,238.3,478.7,3.8,73.2,1.8,1212.2,448.6,75.1,2679.9,141.7,631.2,1011.2,25.4,1,215.9,245.1,540.4,ARUNACHAL PRADESH,1946,73.3,540.4,3.8
4369.1,460.2,417.9,25.9,68.5,37.8,1245,650.2,106.3,2816.9,158.6,494.4,1113.2,9.5,1,297.3,332.6,503.8,ARUNACHAL PRADESH,1947,68.5,503.8,25.8
6331.1,441.1,603.3,21.4,119.5,35.6,2362.8,889.5,155.1,4206,136.1,1168.6,1745.8,52.7,1,150.1,224.2,350.4,ARUNACHAL PRADESH,1948,119.5,350.4,21.4
4874.7,436.9,672.6,50.1,88.1,80.1,1002,943.9,168.1,3100.5,287.4,567.2,1291.5,39.6,1,224.9,314.6,482,ARUNACHAL PRADESH,1949,88,482,50.1
,425.2,241.8,43.9,92.8,38.6,377.6,,131.4,,205.8,274.2,905.2,49.5,1,356,449.4,285.8,ARUNACHAL PRADESH,1950,92.8,-619.4,43.9
3354.2,441,278.5,39.1,65.3,31.8,554.7,757.8,97.1,1974.7,309.9,344.5,1095.3,46.2,1,101.8,187.1,383.7,ARUNACHAL PRADESH,1951,65.3,383.7,39.1
2396.1,151.5,481.1,29.7,24.5,17.2,320.6,276.8,41.7,1446.7,189.6,235.1,576.2,43.9,1,257.9,331.5,368.2,ARUNACHAL PRADESH,1952,24.5,368.2,29.7
,214.9,245.3,23.4,106.9,56.4,512.5,409.9,163.3,1617.5,236,314.9,765.8,10.4,1,,,449.8,ARUNACHAL PRADESH,1953,106.9,449.8,-10.4
,246.9,542.6,40.6,,,1219.4,608.1,,2875.9,,448.9,,17.1,1,146.6,204.3,505.8,ARUNACHAL PRADESH,1957,0,505.8,40.6
5063.5,138.5,1664.6,17,67.5,98.4,457.7,511.2,165.9,3338.7,32.9,698.6,870,2.5,1,669.4,688.9,705.2,ARUNACHAL PRADESH,1958,67.5,705.2,17
4195.5,146.4,333.2,0,137.9,83.2,1137.7,812.9,221.1,2792.6,104.5,671.8,922.7,12.1,1,247,259.1,508.8,ARUNACHAL PRADESH,1959,137.9,508.8,0
3709.4,137.1,251.3,10.4,26.8,8,1296.8,653.9,34.8,3236.8,53.2,210.7,401,13.4,1,13,36.8,1034.8,ARUNACHAL PRADESH,1960,26.8,1034.8,10.4
3676.5,181,547.9,3.9,204.2,50,738.3,595.5,254.2,2137.9,289.6,492.3,962.9,57.1,1,260.5,321.5,256.2,ARUNACHAL PRADESH,1961,204.2,256.2,3.9
,250.3,1405.9,,87.1,37.2,758.1,1088.8,124.3,3475.2,45.1,601.9,897.3,,1,255.6,,222.4,ARUNACHAL PRADESH,1962,87.1,222.4,-255.6
4138,262.6,1199.3,15.7,35.2,14.6,817.4,755.4,49.8,3138.5,168.6,346.4,777.6,20,1,136.4,172.1,366.4,ARUNACHAL PRADESH,1963,35.2,366.4,15.7
4959.3,219.7,492.1,71.9,90.3,55.4,1506.1,1432.8,145.7,3896.1,81.1,286.4,587.2,12.2,1,246.2,330.3,465.1,ARUNACHAL PRADESH,1964,90.3,465.1,71.9
2196.8,254.4,351.3,4.9,120.7,37.4,315.8,404.7,158.1,1244.7,103.7,306.9,665,72.6,1,51.5,129,172.9,ARUNACHAL PRADESH,1965,120.7,172.9,4.9
2209.6,180.2,411.6,6.3,91.5,22.4,432.7,473.2,113.8,1515.1,98.4,177.9,456.5,39,1,78.9,124.2,197.6,ARUNACHAL PRADESH,1966,91.4,197.6,6.3
1668.5,96.6,220.8,11.5,45.5,13.3,434.5,253.1,58.8,1121.2,147.9,164,408.5,10,1,58.5,80,212.8,ARUNACHAL PRADESH,1967,45.5,212.8,11.5
2139,117.6,227.5,8.4,41.4,54.2,404.8,510.1,95.7,1385.9,135.9,307.2,560.7,12.5,1,75.8,96.8,243.5,ARUNACHAL PRADESH,1968,41.5,243.5,8.5
1877.7,127,333.9,15.1,10,19.2,405.1,412.3,29.2,1392.7,33.8,202.3,363.1,34.8,1,42.9,92.8,241.4,ARUNACHAL PRADESH,1969,10,241.4,15.1
1973.4,108.8,245.4,0,78.8,49.2,377.9,409.6,128,1320.2,57.4,213.4,379.7,6.9,1,138.6,145.5,287.4,ARUNACHAL PRADESH,1970,78.8,287.3,0
2184.5,121.8,288.2,7.3,67.8,56,385.5,446,123.8,1359.3,47.1,222.4,391.3,67.8,1,235.1,310.2,239.6,ARUNACHAL PRADESH,1971,67.8,239.6,7.3
2281.3,231.5,270.7,21.5,114.2,39.2,438.3,314.4,153.5,1357.9,108.3,299.5,639.3,25.9,1,83.3,130.7,334.5,ARUNACHAL PRADESH,1972,114.3,334.5,21.5
2457.5,215.3,271.3,35.4,147.1,136.4,284.8,571.1,283.5,1385.5,82.3,256.5,554,88.9,1,110.2,234.4,258.3,ARUNACHAL PRADESH,1973,147.1,258.3,35.3
3063.9,272.6,446.8,30.3,95.4,130.9,648.9,466.7,226.3,2023.5,127.8,248.3,648.7,14,1,121.1,165.4,461.2,ARUNACHAL PRADESH,1974,95.4,461.1,30.3
2213.3,165.1,185.2,13.6,76.9,17.3,427,268.5,94.2,1177.7,101.7,188,454.8,21.5,1,451.6,486.6,297,ARUNACHAL PRADESH,1975,76.9,297,13.5
2419.5,229.3,357.4,45.6,112.9,8.9,375.4,506.3,121.8,1416.7,168,210.7,608,87.9,1,139.7,273.1,177.5,ARUNACHAL PRADESH,1976,112.9,177.6,45.5
3774.3,560.2,610.1,77.7,133.5,71.2,484.7,543.5,204.6,1950.2,209.3,417.8,1187.3,141,1,213.5,432.2,311.9,ARUNACHAL PRADESH,1977,133.4,311.9,77.7
2531,216.4,172.4,2.5,82.2,37.1,357.5,577.2,119.3,1417.4,150.6,345.6,712.6,146.1,1,133,281.6,310.4,ARUNACHAL PRADESH,1978,82.2,310.3,2.5
2773.6,158.8,296.9,81.2,81.6,47.4,665.4,239.4,129,1619.2,138.2,210.3,507.2,27.4,1,409.6,518.3,417.5,ARUNACHAL PRADESH,1979,81.6,417.5,81.3
3215.3,372,544.7,0.2,130.4,65.6,514.1,530.9,195.9,1957.1,251.4,245.5,868.9,7.8,1,185.4,193.3,367.4,ARUNACHAL PRADESH,1980,130.3,367.4,0.1
2790.9,197.4,360.6,55.5,136.1,93.1,549.3,494.9,229.2,1667.4,255.2,285,737.6,29.3,1,71.8,156.7,262.6,ARUNACHAL PRADESH,1981,136.1,262.6,55.6
2779.5,335.3,197,62.2,100.4,6.4,593,429.8,106.8,1746.4,151.2,241.4,727.9,53.8,1,82.3,198.3,526.6,ARUNACHAL PRADESH,1982,100.4,526.6,62.2
3335.3,351.2,389.9,40.8,171.1,65.4,563.2,551,236.5,1980.6,217.6,301.9,870.7,14.9,1,191.7,247.4,476.4,ARUNACHAL PRADESH,1983,171.1,476.5,40.8
3278,389.3,309.2,89.5,42.8,98.1,671,417.3,140.8,1853,166.9,448.7,1004.9,5.7,1,184.1,279.3,455.5,ARUNACHAL PRADESH,1984,42.7,455.5,89.5
3266.2,347.1,326.3,48.8,81,54.1,657.8,506,135,1992.2,255.6,345.5,948.2,25.4,1,116.6,190.7,502.2,ARUNACHAL PRADESH,1985,80.9,502.1,48.7
2495.6,335.3,355.3,14,90.1,19.3,453.7,402.5,109.5,1599.1,122.8,101.8,559.8,36.6,1,176.6,227.2,387.6,ARUNACHAL PRADESH,1986,90.2,387.6,14
3433.2,352,558.8,39.6,72.5,3.7,754.9,501.5,76.2,2461.9,147.7,230.8,730.4,24.1,1,101.1,164.8,646.6,ARUNACHAL PRADESH,1987,72.5,646.7,39.6
4155.3,278.9,815.6,13.1,118.3,50.9,868.1,287,169.2,2457,250.7,535.9,1065.4,34.2,1,416.4,463.6,486.3,ARUNACHAL PRADESH,1988,118.3,486.3,13
3281.6,388.7,305.3,19.6,171.9,52.6,640.7,484.2,224.5,1956.8,92.9,239.7,721.2,77.9,1,281.7,379.1,526.5,ARUNACHAL PRADESH,1989,171.9,526.6,19.5
3604,289.9,352.8,19.7,112.4,54.8,534,857.2,167.2,2369.5,149,366.2,805.1,2,1,240.6,262.3,625.5,ARUNACHAL PRADESH,1990,112.4,625.5,19.7
3434.4,193.3,603.4,80.8,86,24.9,607.7,608.3,110.9,2303.9,110.7,423.7,727.7,22.2,1,189,291.9,484.5,ARUNACHAL PRADESH,1991,86,484.5,80.7
2707,196.4,294.3,8.9,128.9,33.2,557.2,522.9,162.1,1702.7,184.6,239.2,620.3,11.5,1,201.5,221.8,328.2,ARUNACHAL PRADESH,1992,128.9,328.3,8.8
3348.9,130.6,691.9,7.5,125.4,95.7,619.2,569.5,221.1,2203.7,134.4,408.3,673.3,14.7,1,228.6,250.8,323.1,ARUNACHAL PRADESH,1993,125.4,323.1,7.5
2287.4,232.1,280.2,6.2,72.6,48.2,233,416.1,120.8,1154.4,215.3,382.9,830.3,14.1,1,161.6,181.9,225,ARUNACHAL PRADESH,1994,72.6,225.1,6.2
3068.8,198.8,328.8,32.6,79.9,20.6,714.5,686.9,100.5,2155.2,84.3,363.9,647.1,51,1,82.4,166,425.1,ARUNACHAL PRADESH,1995,79.9,425,32.6
2520.5,171.4,372.1,1.4,56.2,35.7,593,316.2,91.8,1472.5,163.6,398.2,733.1,9.1,1,212.5,223,191.2,ARUNACHAL PRADESH,1996,56.1,191.2,1.4
2274.9,94.7,237,26.3,68.5,26.2,395.2,548,94.6,1583.7,158.5,212.6,465.8,45.9,1,58.5,130.7,403.5,ARUNACHAL PRADESH,1997,68.4,403.5,26.3
3616.7,125,807,2.5,78.8,26.7,823.8,839.8,105.6,2707.4,193.6,275,593.6,20.5,1,187.2,210.2,236.8,ARUNACHAL PRADESH,1998,78.9,236.8,2.5
2316.6,159.6,438.1,4.3,6.1,7.9,376.9,450,14,1519,40.4,343.2,543.2,28.3,1,207.9,240.4,254,ARUNACHAL PRADESH,1999,6.1,254,4.2
2596.8,293.8,387.4,9.6,47.1,54.1,395.4,459.8,101.2,1650,139.9,267.2,700.8,53.9,1,81.3,144.8,407.4,ARUNACHAL PRADESH,2000,47.1,407.4,9.6
2036,229.9,279.9,14.9,66.6,53.1,302.6,277.2,119.7,1147.8,134.9,195.6,560.5,19.3,1,173.8,208,288.1,ARUNACHAL PRADESH,2001,66.6,288.1,14.9
2389.2,248.2,290.7,17.9,37.2,74.2,604,396.8,111.4,1549.4,126.3,197.1,571.6,45,1,94,156.9,257.9,ARUNACHAL PRADESH,2002,37.2,257.9,17.9
2451.8,182,327.2,16.2,83.2,22.9,645.3,424.3,106.1,1656.6,109.6,173.5,465.2,25,1,182.6,223.9,259.9,ARUNACHAL PRADESH,2003,83.2,259.8,16.3
2545.7,210.2,243,15.2,39.1,38,654.3,402.9,77.1,1578.7,175.5,298.7,684.3,5.6,1,184.8,205.6,278.5,ARUNACHAL PRADESH,2004,39.1,278.5,15.2
2335.5,195.3,400,3.3,167.6,48.4,430.8,269.3,216,1343.7,229.5,179.8,604.6,28.6,1,139.3,171.2,243.6,ARUNACHAL PRADESH,2005,167.6,243.6,3.3
2259.6,202.7,227.6,21.7,103.7,6,382.2,520.4,109.7,1393.5,63.3,321.7,587.7,69.7,1,77.2,168.7,263.2,ARUNACHAL PRADESH,2006,103.7,263.3,21.8
3020.7,292.4,364.6,6.9,97.4,13.4,761,530.2,110.8,2185.1,48.1,250.4,590.9,24.3,1,102.6,133.9,529.3,ARUNACHAL PRADESH,2007,97.4,529.3,7
2244.4,192.4,439.3,2.6,39.7,76.7,456.1,423.6,116.4,1508.7,122.6,185,499.9,1.7,1,115.1,119.4,189.7,ARUNACHAL PRADESH,2008,39.7,189.7,2.6
1749.9,132.7,370.3,15.9,92.8,18,329.9,259.1,110.8,1111.8,72.1,189.9,394.7,33.9,1,82.9,132.7,152.5,ARUNACHAL PRADESH,2009,92.8,152.5,15.9
2855.7,466.9,321.5,14.2,13.2,0.6,378,509.9,13.9,1653.6,237.8,312.7,1017.5,58.9,1,97.7,170.9,444.2,ARUNACHAL PRADESH,2010,13.3,444.2,14.3
2193.7,240.8,277.6,15.2,51.3,40,531.4,288.4,91.4,1384.2,174.5,219.6,634.9,16.2,1,51.9,83.3,286.7,ARUNACHAL PRADESH,2011,51.4,286.8,15.2
3440.3,403.4,316,26.2,35.8,57.8,638.9,645.8,93.6,2325.6,134.2,187.4,724.9,22,1,248.1,296.3,724.9,ARUNACHAL PRADESH,2012,35.8,724.9,26.2
2042.9,175.1,230.2,14.6,40.5,18.5,329.6,290,59,1165.9,115.1,335.8,626,13.3,1,164.1,192,316.1,ARUNACHAL PRADESH,2013,40.5,316.1,14.6
2403.2,86.7,599.6,10.2,101.9,19,392.4,415.8,120.9,1750.8,80.3,299,466,20.1,1,35.1,65.4,343,ARUNACHAL PRADESH,2014,101.9,343,10.2
2767.5,287.1,595.5,29.8,47.5,30.8,329.3,637.9,78.3,1936.9,97.5,238.9,623.5,33.8,1,65.2,128.8,374.2,ARUNACHAL PRADESH,2015,47.5,374.2,29.8
2498.6,223,464.1,1.2,19.5,27.1,430.6,524.9,46.6,1710.9,30.6,207,460.5,115.6,1,163.7,280.5,291.4,ASSAM & MEGHALAYA,1901,19.5,291.3,1.2
2952.1,350,536,1.3,10.2,9.3,510.8,620.7,19.4,2108.9,105.6,262.1,717.6,7.8,1,97,106.2,441.3,ASSAM & MEGHALAYA,1902,10.1,441.4,1.4
2544.7,140.6,551.9,1.3,25.4,19.9,362.7,607.4,45.4,1828.5,103.6,206.6,450.8,59.3,1,159.5,220.1,306.4,ASSAM & MEGHALAYA,1903,25.5,306.5,1.3
2664.1,457.1,438.8,2.5,56.1,11.1,477.6,385.7,67.1,1548,51.9,375.2,884.2,46.4,1,115.9,164.8,245.9,ASSAM & MEGHALAYA,1904,56,245.9,2.5
2790.6,213,649.1,24.8,16.9,19.9,439.1,521.7,36.8,1886,137.9,275.5,626.3,16.8,1,200,241.6,276,ASSAM & MEGHALAYA,1905,16.9,276.1,24.8
2663.4,263.5,585.9,0.2,59.2,9.7,541.8,388.4,68.9,1780.4,88.4,271.3,623.3,24.9,1,165.7,190.8,264.2,ASSAM & MEGHALAYA,1906,59.2,264.3,0.2
2521.1,254.8,304.2,13.8,37.2,55.8,578.9,509.8,93,1793.8,109.7,213.7,578.1,4.8,1,37.6,56.2,401,ASSAM & MEGHALAYA,1907,37.2,400.9,13.8
2277.8,176.6,339.4,0,25.1,16.2,477.2,390.8,41.3,1610.8,20.7,332.7,530,3.8,1,91.9,95.7,403.4,ASSAM & MEGHALAYA,1908,25.1,403.4,0
2377,195,445.2,6.3,8.9,19,345,639.4,27.9,1646,4.4,310.4,509.8,24.6,1,162.4,193.3,216.4,ASSAM & MEGHALAYA,1909,8.9,216.4,6.3
2887.3,211.5,418.3,4.3,32.1,9.2,738.3,582.5,41.3,1986.9,152.8,274.6,638.9,16.2,1,199.7,220.2,247.8,ASSAM & MEGHALAYA,1910,32.1,247.8,4.3
3096.2,234,417.1,3,19,74.2,618.6,534,93.2,1957.5,93,431.7,758.7,26.3,1,257.4,286.8,387.8,ASSAM & MEGHALAYA,1911,19,387.8,3.1
2743.5,301,453.4,9.5,57.8,9,567,482.7,66.8,1739.9,126.1,250.2,677.4,68.4,1,181.5,259.5,236.8,ASSAM & MEGHALAYA,1912,57.8,236.8,9.6
2760.5,334.2,354,45.6,90.2,11.9,438,458.6,102.2,1529.7,118.4,392.3,844.9,10.4,1,227.7,283.7,279.2,ASSAM & MEGHALAYA,1913,90.3,279.1,45.6
2343.8,219.6,472.9,7.4,79.1,6.3,396.4,403.9,85.5,1565.4,69.9,317.9,607.4,10.6,1,67.6,85.6,292.3,ASSAM & MEGHALAYA,1914,79.2,292.2,7.4
3165.1,201.9,529.1,4.4,58.9,9.3,738.2,509.1,68.2,2035.1,74.4,662.9,939.2,10,1,108.2,122.6,258.8,ASSAM & MEGHALAYA,1915,58.9,258.7,4.4
2601.1,227.9,430.7,6.3,28,20,475.3,367.3,48,1582.1,118.4,340.6,686.9,32.8,1,244.9,284,308.8,ASSAM & MEGHALAYA,1916,28,308.8,6.3
2519.9,168.8,346.3,1.4,91.6,12.8,472.8,584.7,104.4,1717.4,38.7,206.2,413.6,46.4,1,236.6,284.4,313.7,ASSAM & MEGHALAYA,1917,91.6,313.6,1.4
3106.8,152.2,604.8,1.1,16.1,4.6,805,659.4,20.7,2442.5,125.5,287.4,565.1,6.8,1,70.7,78.6,373.2,ASSAM & MEGHALAYA,1918,16.1,373.3,1.1
2344.2,162.1,249.1,3.6,12.4,13.1,459,485.5,25.5,1635.3,22.6,266.9,451.6,42.5,1,185.7,231.9,441.6,ASSAM & MEGHALAYA,1919,12.4,441.7,3.7
2623.6,184.8,521.5,1.8,51,4.8,309.8,523.8,55.8,1737.6,228.1,282.7,695.6,3.3,1,129.5,134.6,382.6,ASSAM & MEGHALAYA,1920,51,382.5,1.8
2999.7,324.6,429.4,10.3,20.3,35.1,542.2,604.9,55.4,1909.8,134.1,414.8,873.6,8.5,1,142.1,160.9,333.2,ASSAM & MEGHALAYA,1921,20.3,333.3,10.3
2261.9,168.7,379.4,9.4,4.9,16.6,418.4,548.9,21.4,1612.3,77.8,233.1,479.6,9.3,1,129.9,148.7,265.6,ASSAM & MEGHALAYA,1922,4.8,265.6,9.5
2440.6,258.1,267.2,5.9,59.6,0.4,375.4,588.6,60,1592.1,17.1,397.8,673,11.2,1,98.2,115.4,360.9,ASSAM & MEGHALAYA,1923,59.6,360.9,6
2691.4,221.9,434,0.2,22.7,10.6,609,473.9,33.3,1862.8,20,299.4,541.3,126.9,1,127,254,346,ASSAM & MEGHALAYA,1924,22.7,345.9,0.1
2550.5,278.3,400.7,0.2,21.5,26.4,411.1,330.8,47.9,1465,53.8,602.2,934.2,13.7,1,89.5,103.4,322.3,ASSAM & MEGHALAYA,1925,21.5,322.4,0.2
2511.7,140.8,354.7,33.6,23.2,23.4,576.5,559.3,46.6,1679.7,156.9,253.9,551.6,6.4,1,193.7,233.8,189.2,ASSAM & MEGHALAYA,1926,23.2,189.2,33.7
2793.1,265.2,366.4,0.2,60.5,33.8,447.7,573.9,94.3,1937.9,66,238.4,569.7,29.8,1,161.2,191.2,549.8,ASSAM & MEGHALAYA,1927,60.5,549.9,0.2
2634.3,138.9,448.2,1.5,21.1,8.3,428.1,420.6,29.4,1640.5,61,446.5,646.4,21.6,1,294.8,317.9,343.5,ASSAM & MEGHALAYA,1928,21.1,343.6,1.5
2953.8,321.7,333.2,22.1,3.8,83.9,385,643.4,87.7,1654.4,84.1,570.2,976,17.6,1,196,235.7,292.8,ASSAM & MEGHALAYA,1929,3.8,292.8,22.1
2550.7,199.4,438.5,6.2,41,18,287.8,686.9,59,1712.4,99.8,209.8,509,114.4,1,149.9,270.4,299.1,ASSAM & MEGHALAYA,1930,41,299.2,6.1
2800.1,294.7,282,16.3,29.2,7.6,654.6,605.6,36.7,1872.4,47.6,374,716.3,21.6,1,136.7,174.7,330.2,ASSAM & MEGHALAYA,1931,29.1,330.2,16.4
2888.7,163.2,467.3,20.6,36.7,14.9,454.6,628.5,51.5,1906.3,59.1,488.6,711,90.9,1,108.4,219.9,355.8,ASSAM & MEGHALAYA,1932,36.6,355.9,20.6
2339.1,214.4,501.7,2.7,29,10.3,427.1,477.2,39.2,1649.2,16.7,286.7,517.7,8.1,1,122.1,132.9,243.1,ASSAM & MEGHALAYA,1933,28.9,243.2,2.7
3074.9,301.2,361.8,6.3,68.2,18.5,553.2,754.5,86.8,1916.3,27.1,444.6,773,59.8,1,232.8,298.9,246.8,ASSAM & MEGHALAYA,1934,68.3,246.8,6.3
2678.4,122.1,573.9,2.9,53.2,3.4,395.2,696.9,56.6,2001,66.5,381.5,570.1,19.8,1,28.1,50.8,335,ASSAM & MEGHALAYA,1935,53.2,335,2.9
2671.3,217.8,356.4,23.2,58.7,13.6,559.9,456.1,72.2,1655.9,75.7,422.8,716.3,24,1,179.6,226.8,283.5,ASSAM & MEGHALAYA,1936,58.6,283.5,23.2
2324.6,97.4,480.5,4.9,51.1,2.2,409.2,422.5,53.3,1590.3,19.3,406.6,523.4,13.5,1,139.3,157.6,278.1,ASSAM & MEGHALAYA,1937,51.1,278.1,4.8
2786.5,202,435.2,0.6,16.2,27.2,510.6,581,43.4,1958.2,138,247.3,587.3,55.2,1,141.8,197.6,431.4,ASSAM & MEGHALAYA,1938,16.2,431.4,0.6
2401.6,178.3,224.9,1.9,33.6,1.5,484.9,533.7,35.1,1632.5,11.2,349.6,539.2,2.8,1,190.1,194.9,389,ASSAM & MEGHALAYA,1939,33.6,389,2
2451.6,72.6,330.8,9.5,57.9,1.5,435.4,500.5,59.4,1620.3,180.8,391.9,645.3,19,1,98.1,126.6,353.7,ASSAM & MEGHALAYA,1940,57.9,353.6,9.5
2709.5,245.1,361.8,9.9,32.7,4.5,409.4,541.7,37.2,1681,53.8,522.4,821.2,16.7,1,143.3,170,368.1,ASSAM & MEGHALAYA,1941,32.7,368.1,10
2677,233.5,328.8,0,25.3,7.4,332.9,618.8,32.7,1743.4,130.9,469.1,833.5,27.5,1,40,67.5,462.9,ASSAM & MEGHALAYA,1942,25.3,462.9,0
2703.7,247.7,417.9,6.2,34.1,54.4,391.9,513.3,88.4,1688.1,170.6,406.6,824.9,9.4,1,86.7,102.3,365,ASSAM & MEGHALAYA,1943,34,365,6.2
2524.3,139,304.1,9.9,21.3,39.2,386.9,490.6,60.4,1637.2,62.9,518,719.9,7.2,1,89.7,106.8,455.6,ASSAM & MEGHALAYA,1944,21.2,455.6,9.9
2665.7,139.5,493.5,2.9,39.7,37,507.7,500.5,76.7,1785,67.5,396.5,603.5,1.1,1,196.6,200.5,283.2,ASSAM & MEGHALAYA,1945,39.7,283.3,2.8
2679.5,178.5,297.9,1.4,19.4,0.4,547,582.6,19.8,1694.2,102.6,328,609.2,8.6,1,346.3,356.4,266.8,ASSAM & MEGHALAYA,1946,19.4,266.7,1.5
2643.3,243.4,285,13.1,9,3.9,570.8,486.4,12.9,1704.6,83.9,380.2,707.6,3,1,202.2,218.3,362.3,ASSAM & MEGHALAYA,1947,9,362.4,13.1
3185.4,260.4,448.3,7.8,42.4,10.1,534.8,599.4,52.5,1896.8,59.5,681.2,1001.1,50.6,1,176.6,234.9,314.4,ASSAM & MEGHALAYA,1948,42.4,314.3,7.7
2983.4,371,461.9,11.1,23.1,22.9,444.1,683.4,45.9,1982.1,76,335.9,782.9,13,1,148.3,172.4,392.6,ASSAM & MEGHALAYA,1949,23,392.7,11.1
2392.4,112.9,490.9,3.9,51.2,21.2,389.5,562,72.5,1643.1,93.5,282.1,488.5,49.9,1,134.6,188.4,200.7,ASSAM & MEGHALAYA,1950,51.3,200.7,3.9
2613.8,242.9,387.4,5.8,3.3,4.9,550.5,588.8,8.2,1736.3,53.5,250.4,546.9,46.2,1,270.5,322.5,209.7,ASSAM & MEGHALAYA,1951,3.3,209.6,5.8
2851.3,155.9,467.6,2.1,10.4,4.4,573.9,399.9,14.8,1785.2,107.5,465.6,729,43.2,1,277.1,322.4,343.7,ASSAM & MEGHALAYA,1952,10.4,343.8,2.1
2559.9,157.4,284.5,13.1,13.3,18,461.9,405.5,31.3,1603.4,227.3,377.7,762.4,5.8,1,144,162.9,451.5,ASSAM & MEGHALAYA,1953,13.3,451.5,13.1
2859.1,266,427.3,24.5,45.7,22,572.2,594.3,67.6,1812.6,40.6,490.3,796.9,2,1,155.5,182,218.8,ASSAM & MEGHALAYA,1954,45.6,218.8,24.5
2761.2,210.2,415.8,8.5,9.5,9.2,567,546.5,18.7,1812.6,143.5,328.8,682.5,89.6,1,149.3,247.4,283.3,ASSAM & MEGHALAYA,1955,9.5,283.3,8.5
2802.9,204.8,382.1,9.6,3.2,29.8,440.3,712.4,33,1706.7,121.7,533.5,859.9,44.3,1,149.3,203.3,171.9,ASSAM & MEGHALAYA,1956,3.2,171.9,9.7
2257.2,136,366.6,10.7,33.5,66.9,407.2,446,100.4,1428.6,20.1,449.2,605.4,12.2,1,99.9,122.8,208.7,ASSAM & MEGHALAYA,1957,33.5,208.8,10.7
2626.4,192.4,546.9,18.7,44.2,18.8,361.1,393.2,63,1579.8,10.3,545.2,747.9,4.6,1,212.4,235.7,278.7,ASSAM & MEGHALAYA,1958,44.2,278.6,18.7
2535.8,144.1,255.9,0.2,45.6,30.8,364.2,517.6,76.4,1424.6,109.9,470.6,724.6,8.3,1,301.7,310.1,286.8,ASSAM & MEGHALAYA,1959,45.6,286.9,0.1
2342.2,45.9,349.2,3.9,11.1,0.1,553.7,454.8,11.2,1837,38.7,315.2,399.9,29.3,1,60.9,94,479.4,ASSAM & MEGHALAYA,1960,11.1,479.3,3.8
2195.3,123,347.4,6.9,19.7,11.5,352.9,335.4,31.2,1261.7,253.8,355.8,732.6,34.8,1,128.1,169.8,226.1,ASSAM & MEGHALAYA,1961,19.7,226,6.9
2295.9,134.7,509.8,5.8,27.6,24.9,338.8,601.4,52.5,1587.3,17.3,369,521.1,11.1,1,118.2,135,137.4,ASSAM & MEGHALAYA,1962,27.6,137.3,5.7
2511.8,183.3,432,7.2,7.9,3.3,557.3,596,11.2,1797.1,51.1,288.4,522.8,29.4,1,144.1,180.7,211.7,ASSAM & MEGHALAYA,1963,7.9,211.8,7.2
2729.6,268.3,340.4,12.8,22.6,9.6,600.3,557.9,32.2,1824.8,80.7,297.4,646.4,8.3,1,205.1,226.2,326.3,ASSAM & MEGHALAYA,1964,22.6,326.2,12.8
2398.9,158.2,422.1,12.5,73.6,5.1,399.6,501,78.7,1626.7,52.5,327.1,537.7,60.8,1,82.4,155.7,304,ASSAM & MEGHALAYA,1965,73.6,304,12.5
2789.3,164.3,518.2,11.4,23.6,20,507.1,780.5,43.6,2053.9,36.1,323.7,524.1,31.8,1,124.5,167.7,248.1,ASSAM & MEGHALAYA,1966,23.6,248.1,11.4
2123.4,112,258.9,4.2,37.3,11.4,497.7,395.7,48.8,1452.9,105.9,287.5,505.4,14.5,1,97.6,116.3,300.6,ASSAM & MEGHALAYA,1967,37.4,300.6,4.2
2530.8,170.8,346,2.3,19.8,22.9,494.1,595,42.7,1666.8,78.2,432.3,681.3,23.9,1,113.8,140,231.7,ASSAM & MEGHALAYA,1968,19.8,231.7,2.3
2332.2,178.7,446.7,1.8,1.8,27.4,461.1,567.2,29.2,1660.3,99.7,254.1,532.4,27.5,1,80.9,110.2,185.4,ASSAM & MEGHALAYA,1969,1.8,185.3,1.8
3048.4,204.8,389.2,0.1,35.8,47,475.3,658.3,82.8,1913.5,89.7,493.4,787.9,17.8,1,246.4,264.3,390.7,ASSAM & MEGHALAYA,1970,35.8,390.7,0.1
2315.1,142.9,474.8,12.1,18.4,36.9,407.9,437.1,55.3,1551.3,37.6,236.3,416.8,80,1,199.5,291.6,231.6,ASSAM & MEGHALAYA,1971,18.4,231.5,12.1
2379.1,260.3,271,5.3,39.6,18,441,576.2,57.6,1515.3,99.3,339.3,698.9,2.9,1,99.1,107.3,227.1,ASSAM & MEGHALAYA,1972,39.6,227.1,5.3
2672.1,252.1,395,35.3,82.8,9.8,364.6,634.4,92.6,1742.6,28.9,324.5,605.5,67.4,1,128.7,231.4,348.6,ASSAM & MEGHALAYA,1973,82.8,348.6,35.3
3403.5,255.8,510.9,2.3,11.4,31.6,789.3,627,43,2356.3,78.7,369.4,703.8,27.1,1,271,300.4,429.1,ASSAM & MEGHALAYA,1974,11.4,429.1,2.3
2270.6,227.9,314.8,5.8,22.3,10,522.4,337.6,32.3,1473.9,18.8,321.2,567.9,18,1,172.7,196.5,299.1,ASSAM & MEGHALAYA,1975,22.3,299.1,5.8
1956,139.4,358.5,3.1,36.3,5.7,390.5,509.7,42.1,1407.8,92.6,179.5,411.5,24.3,1,67.3,94.6,149.1,ASSAM & MEGHALAYA,1976,36.4,149.1,3
2616.6,375.1,461.9,21.8,16.2,9.1,461.3,405,25.2,1505.2,74.4,391.6,841.1,47.7,1,175.7,245.2,176.9,ASSAM & MEGHALAYA,1977,16.1,177,21.8
2011.9,100.9,255.8,0.6,8.2,5,444,506.6,13.2,1478.2,44.3,253.7,399,55.9,1,65,121.6,271.8,ASSAM & MEGHALAYA,1978,8.2,271.8,0.7
2188.5,93.8,252.4,36.2,8.7,3.3,640.1,307.8,12,1542.6,38.2,225.6,357.7,23.4,1,216.6,276.3,342.3,ASSAM & MEGHALAYA,1979,8.7,342.3,36.3
2289.2,173.2,417.8,0.6,36.3,13.1,460,389.5,49.3,1537.1,96.9,289.4,559.6,1,1,141.6,143.2,269.8,ASSAM & MEGHALAYA,1980,36.2,269.8,0.6
2079.3,152.1,340.7,36.1,30.7,29.6,543.5,273.1,60.3,1431.8,91,251.5,494.6,9,1,47.5,92.7,274.5,ASSAM & MEGHALAYA,1981,30.7,274.5,36.2
2382.2,254.3,377.2,16.4,31.1,1.8,539.9,517.2,32.9,1720.6,50.6,215.5,520.4,29.9,1,62,108.3,286.4,ASSAM & MEGHALAYA,1982,31.1,286.3,16.4
2620,165.9,450.2,24,37.8,16.4,582.9,362,54.2,1844.2,90,278.2,534.1,7,1,156.7,187.6,449.1,ASSAM & MEGHALAYA,1983,37.8,449.1,23.9
3157,202.8,360.7,22.2,7.2,22.4,995.2,478.5,29.7,2292.5,28.6,416,647.4,5.7,1,159.6,187.5,458,ASSAM & MEGHALAYA,1984,7.3,458.1,22.2
2801.6,268.1,349.4,19.7,32.3,8.7,714.6,496,41,1895.1,152.6,335,755.7,15.8,1,74.4,109.9,335.1,ASSAM & MEGHALAYA,1985,32.3,335.1,19.7
2592.8,282.8,416.4,7.4,11.7,16.4,465,404.2,28.1,1726.6,28,159.7,470.6,59.5,1,300.5,367.5,441.1,ASSAM & MEGHALAYA,1986,11.7,441,7.5
2921.4,197.6,433,11.9,27.8,8.8,766.5,525.8,36.5,2170.6,110.4,199,506.9,37.6,1,157.8,207.3,445.4,ASSAM & MEGHALAYA,1987,27.7,445.3,11.9
3261.7,157.9,773.4,5.9,46.1,7.3,644.2,403.8,53.4,2151,82.3,568.6,808.9,74.3,1,168.3,248.5,329.6,ASSAM & MEGHALAYA,1988,46.1,329.6,5.9
2682.1,183.4,267.9,6.5,51.6,10.5,747,488.8,62,1929.5,30.4,260.1,473.8,16.2,1,194.1,216.8,425.8,ASSAM & MEGHALAYA,1989,51.5,425.8,6.5
2771.2,333.7,348.8,5.2,46.9,19.2,446.4,513.8,66.1,1750.2,96.7,304.1,734.4,7,1,208.3,220.5,441.1,ASSAM & MEGHALAYA,1990,46.9,441.2,5.2
2838,175.7,388.2,41.1,30.2,13.7,440.5,517.8,43.9,1783.8,62.1,495.8,733.6,9.4,1,226.2,276.7,437.3,ASSAM & MEGHALAYA,1991,30.2,437.3,41.1
2259.8,114.5,339.3,12.1,46.3,14.7,491.4,450.9,61.1,1578.5,62,292.3,468.8,14.3,1,125,151.4,296.9,ASSAM & MEGHALAYA,1992,46.4,296.9,12.1
2879.2,138.5,477.5,2,96.9,73.3,576.9,619.5,170.2,1969.9,86.1,374,598.6,8.2,1,130.3,140.5,296,ASSAM & MEGHALAYA,1993,96.9,296,2
2121.3,161.3,308.7,15.4,42.5,26.6,308.6,477.6,69.1,1273.4,157.2,282,600.5,15.9,1,147,178.3,178.5,ASSAM & MEGHALAYA,1994,42.5,178.5,15.4
2886.1,145.7,543.3,7.1,39.7,8.7,558.4,663.3,48.5,2169,42,299.1,486.8,94,1,80.7,181.8,404,ASSAM & MEGHALAYA,1995,39.8,404,7.1
2466.9,99.2,421.8,0.2,23.2,12.8,499.6,397.7,36,1543.5,101.6,415.6,616.4,3.5,1,267.2,271,224.4,ASSAM & MEGHALAYA,1996,23.2,224.4,0.3
2372.2,131.9,315.5,35.4,40.7,18.2,511.2,569.9,58.9,1763.4,91.8,241.8,465.6,12.6,1,36.4,84.3,366.8,ASSAM & MEGHALAYA,1997,40.7,366.8,35.3
2803.1,185.7,549.5,0.4,31.5,11.8,604.4,581.2,43.4,1947.4,136.8,250.6,573.1,48.9,1,190,239.2,212.3,ASSAM & MEGHALAYA,1998,31.6,212.3,0.3
2594.2,150.6,487.5,2.3,0.5,2.4,596.7,429,2.9,1710.2,38.7,466.8,656.1,14.1,1,208.6,225,196.9,ASSAM & MEGHALAYA,1999,0.5,197,2.3
2487,238.5,513.2,0.4,13.7,20.5,313.3,540.2,34.2,1666.6,65.9,375.1,679.5,22.2,1,83.9,106.6,299.9,ASSAM & MEGHALAYA,2000,13.7,299.9,0.5
2178.4,198.6,295.6,2.3,39.7,5.5,451.1,399.8,45.2,1413.2,30.9,266.4,495.8,20.5,1,201.4,224.2,266.8,ASSAM & MEGHALAYA,2001,39.7,266.7,2.3
2392.7,279.9,312.5,7.9,5.7,20.2,565.1,502.5,25.9,1589.8,83.3,286.9,650.2,69.4,1,49.5,126.8,209.7,ASSAM & MEGHALAYA,2002,5.7,209.7,7.9
2434.1,213.8,290.7,18.6,41.5,9.5,481.2,551.4,51,1573.3,96.9,235.8,546.5,13,1,231.8,263.4,250,ASSAM & MEGHALAYA,2003,41.5,250,18.6
2994.3,340.8,286.2,6.6,19.5,15.3,848.4,397.9,34.8,1849.7,72.8,342.2,755.9,6.5,1,340.8,353.9,317.2,ASSAM & MEGHALAYA,2004,19.5,317.2,6.6
2468.3,207.5,501.9,1.3,30.5,22.8,474.5,373.9,53.3,1525.2,172.2,281.2,660.9,8.9,1,218.6,228.9,174.9,ASSAM & MEGHALAYA,2005,30.5,174.9,1.4
1898.6,169,209.7,10.7,40.9,0.7,350.3,395.9,41.5,1208.1,20.8,325.7,515.5,25.1,1,97.6,133.5,252.3,ASSAM & MEGHALAYA,2006,40.8,252.2,10.8
2752.8,242.7,308,4,73.7,1.5,682.7,489.7,75.2,1975.1,23.5,219.8,486.1,47.7,1,164.7,216.4,494.7,ASSAM & MEGHALAYA,2007,73.7,494.7,4
2339.7,156.2,508.6,1.6,14.5,29.7,493.2,414.6,44.2,1683.9,107.5,210.6,474.4,2.2,1,133.4,137.2,267.5,ASSAM & MEGHALAYA,2008,14.5,267.5,1.6
2068.2,134.9,533.8,4,11.6,7.9,426.3,321.1,19.5,1473.5,44.9,246.5,426.2,9,1,135.9,149,192.3,ASSAM & MEGHALAYA,2009,11.6,192.3,4.1
2711.5,389.3,387,7.6,3.1,0.5,415.1,569.7,3.7,1690.2,99.6,393.4,882.3,11.6,1,116.2,135.3,318.3,ASSAM & MEGHALAYA,2010,3.2,318.4,7.5
1743.4,92.1,302.6,3.5,11.4,11.1,395.8,316,22.5,1236,109,238.3,439.4,11.9,1,30.2,45.6,221.6,ASSAM & MEGHALAYA,2011,11.4,221.6,3.5
2609.4,279.1,289.2,2.3,6.9,15.2,444.3,729.7,22.1,1874.8,28.8,185.8,493.7,17.1,1,199.4,218.8,411.6,ASSAM & MEGHALAYA,2012,6.9,411.6,2.3
1816.4,112.8,289.7,2,9.6,1.1,367.8,286.2,10.7,1172.9,44,346.7,503.5,1,1,126.3,129.3,229.3,ASSAM & MEGHALAYA,2013,9.6,229.2,2
2206.1,51.5,484.6,0.4,28.3,2,374.4,426.4,30.3,1705.5,29.3,351.1,431.9,3,1,35,38.5,420.2,ASSAM & MEGHALAYA,2014,28.3,420.1,0.5
2470.9,250.9,590.9,15.2,15.5,13.4,300.1,558.5,28.9,1729.3,37.5,332.5,620.9,14,1,62.6,91.8,279.9,ASSAM & MEGHALAYA,2015,15.5,279.8,15.2
2168.4,206.2,466,0,18.1,11.7,331.4,443.3,29.8,1544.8,29.4,124,359.6,67.4,1,166.7,234.2,304.1,NAGA MANI MIZO TRIPURA,1901,18.1,304.1,0.1
2175,297.8,312.8,4.7,0.5,4.8,392.4,480.1,5.2,1504,36.3,215.5,549.7,8.9,1,102.4,116,318.7,NAGA MANI MIZO TRIPURA,1902,0.4,318.7,4.7
2230.7,45.5,470.6,0.1,40.5,6.5,300.2,458.6,47,1595.4,139.8,159.9,345.1,76.7,1,166.4,243.2,366.1,NAGA MANI MIZO TRIPURA,1903,40.5,366,0.1
2519.8,290.3,423.6,5,46.9,2.3,423.5,455.3,49.3,1678.2,47.5,230.5,568.3,90,1,128.9,224,375.8,NAGA MANI MIZO TRIPURA,1904,47,375.8,5.1
2527.6,161.7,429.9,27.1,35.3,9.1,450.1,339.7,44.5,1539.8,306.5,193.6,661.8,8,1,246.4,281.5,320.1,NAGA MANI MIZO TRIPURA,1905,35.4,320.1,27.1
2514.4,99,439.2,3.2,71.5,7,475.2,417.4,78.5,1770.9,72.5,302.7,474.2,44.9,1,142.8,190.9,439.1,NAGA MANI MIZO TRIPURA,1906,71.5,439.1,3.2
2121.7,189.1,291.4,53.4,30.4,39.1,400.9,414.1,69.5,1442.4,92.8,156,437.9,3.9,1,114.6,171.9,336.1,NAGA MANI MIZO TRIPURA,1907,30.4,336,53.4
2319.3,141.1,371.9,0,15,26.4,531.5,360,41.4,1581.3,4.3,252.1,397.5,106.5,1,192.6,299.1,317.8,NAGA MANI MIZO TRIPURA,1908,15,317.9,0
2308.7,201.8,540,69,4.7,6,348.9,415.3,10.7,1549.9,3.1,235.1,439.9,71.4,1,167.7,308.1,245.8,NAGA MANI MIZO TRIPURA,1909,4.7,245.7,69
2267.9,138.4,439.8,0,10.9,26,405,444.8,36.9,1625.8,30.7,228,397,12.3,1,196,208.3,336.2,NAGA MANI MIZO TRIPURA,1910,10.9,336.2,0
2479.8,141.3,397.9,0.3,11.9,47.3,471.5,444.9,59.1,1602,102.2,331.3,574.9,17.4,1,226,243.7,287.8,NAGA MANI MIZO TRIPURA,1911,11.8,287.7,0.3
2308.8,305.9,394.8,6.1,36.7,1,392.6,344.7,37.7,1394.9,127.8,222.5,656.2,34.9,1,179.1,220,262.8,NAGA MANI MIZO TRIPURA,1912,36.7,262.8,6
2613.2,138.1,426.7,29.7,63.4,4.3,509.2,559.1,67.7,1717.1,109.9,264.1,512.2,83.6,1,202.9,316.2,222.1,NAGA MANI MIZO TRIPURA,1913,63.4,222.1,29.7
2529.2,255.9,501.5,105.4,93.3,5,437.4,342.6,98.4,1543.5,129.7,276.5,662.1,13.8,1,106,225.2,262,NAGA MANI MIZO TRIPURA,1914,93.4,262,105.4
2819.9,198.9,510.5,0.4,35.5,13.9,478,465.2,49.4,1764.1,89.4,448.9,737.2,37.7,1,231.1,269.2,310.4,NAGA MANI MIZO TRIPURA,1915,35.5,310.4,0.4
2555,212.5,419.3,7.1,17.5,13.2,491.4,363.8,30.7,1663.1,37.3,131.8,381.6,55,1,417.5,479.6,388.5,NAGA MANI MIZO TRIPURA,1916,17.5,388.6,7.1
2222.2,289.1,375.8,0.1,81.8,1.3,387.3,356.6,83.1,1491.4,25.6,121.7,436.4,63.3,1,147.9,211.3,371.7,NAGA MANI MIZO TRIPURA,1917,81.8,371.7,0.1
3013.3,224.8,569.3,4.5,6.1,3.8,638.5,573.8,9.9,2145.5,138.6,361.9,725.3,52.3,1,75.7,132.5,363.9,NAGA MANI MIZO TRIPURA,1918,6.1,363.9,4.5
2047.9,151.1,372.9,5.7,18.1,17.5,403.5,358.4,35.6,1509.7,17.3,132.7,301,84.8,1,111.1,201.6,375,NAGA MANI MIZO TRIPURA,1919,18.1,374.9,5.7
2375.8,143.7,449.6,2.7,56.8,5.1,443.6,363.3,61.9,1582.7,272.7,167.9,584.3,7.1,1,137,146.9,326.2,NAGA MANI MIZO TRIPURA,1920,56.8,326.2,2.8
2638.2,178.2,382.4,2.4,24.1,46.9,387.8,443.8,70.9,1644.7,179.2,271.3,628.8,4.7,1,286.7,293.8,430.7,NAGA MANI MIZO TRIPURA,1921,24,430.7,2.4
2462.6,119.3,536.6,5.8,4.5,8.5,479.6,569.1,13,1916.2,17.3,182.1,318.7,38.2,1,170.8,214.8,330.9,NAGA MANI MIZO TRIPURA,1922,4.5,330.9,5.8
2685.5,216.2,488.5,8.7,64.9,0,411.9,506.2,64.9,1781.5,13.5,296.1,525.8,93.7,1,210.9,313.3,374.9,NAGA MANI MIZO TRIPURA,1923,64.9,374.9,8.7
2701.7,170.9,482.2,0.1,45.2,3.7,462.7,478.6,48.8,1779.7,14.1,295.1,480.1,213.7,1,179.2,393,356.2,NAGA MANI MIZO TRIPURA,1924,45.1,356.2,0.1
2447.5,195.6,440.3,0,36.4,43,461.4,362.4,79.4,1544.3,35,385.5,616.2,37,1,170.7,207.7,280.1,NAGA MANI MIZO TRIPURA,1925,36.4,280.2,0
2463.2,177.1,441.7,47.1,70.1,24,477.6,361.1,94.1,1567.7,155.5,229.7,562.3,36.4,1,155.6,239.1,287.3,NAGA MANI MIZO TRIPURA,1926,70.1,287.3,47.1
2887.5,360.4,456.6,0.8,103.5,41.4,498.4,363.8,145,1852.7,56.3,245.2,662,48.6,1,178.4,227.9,533.9,NAGA MANI MIZO TRIPURA,1927,103.6,533.9,0.9
2472.4,65.3,468.3,0.1,28.5,4.3,397.7,463.2,32.8,1722,52.3,309,426.7,18.4,1,272.5,291,392.8,NAGA MANI MIZO TRIPURA,1928,28.5,392.8,0.1
2859.4,242.7,371.4,26.4,7.7,38.3,385,859.1,46,1930.4,48,433,723.7,11.3,1,121.7,159.4,314.8,NAGA MANI MIZO TRIPURA,1929,7.7,314.9,26.4
2487.4,161,385.6,1,53.6,22.6,438.2,506.6,76.3,1587,107.5,223.1,491.6,230.7,1,100.8,332.5,256.7,NAGA MANI MIZO TRIPURA,1930,53.7,256.6,1
2461.1,109.9,300.4,23,53,2.7,520,388.8,55.8,1573.3,59.6,360.6,530.1,69.2,1,209.9,302.1,364.1,NAGA MANI MIZO TRIPURA,1931,53.1,364.1,23
2761.7,162.2,402.4,4.3,69.7,6.1,491.2,600.7,75.7,1870.5,99.1,323.6,584.8,145.9,1,80.4,230.6,376.2,NAGA MANI MIZO TRIPURA,1932,69.6,376.2,4.3
2451.8,167,603.5,4.1,19.7,2.5,476.3,463.4,22.2,1802.8,34.3,298.4,499.7,9.6,1,113.4,127.1,259.6,NAGA MANI MIZO TRIPURA,1933,19.7,259.6,4.1
3040.8,191.1,368.3,12.8,135.1,16,618.6,567.2,151.1,1890.6,57.1,313.2,561.3,197.3,1,227.7,437.9,336.4,NAGA MANI MIZO TRIPURA,1934,135.1,336.5,12.9
2543.3,173.3,553.5,2.2,48.3,0.6,506.4,547.1,48.8,1946.1,43.7,171.2,388.2,33.1,1,124.8,160.1,339.1,NAGA MANI MIZO TRIPURA,1935,48.2,339.1,2.2
2917.1,227.5,507.6,13,73.1,19.3,529.7,418.3,92.4,1765,104.6,489.5,821.6,22.6,1,202.6,238.2,309.4,NAGA MANI MIZO TRIPURA,1936,73.1,309.4,13
2741.6,85.4,614.8,72,60,0.1,490.1,528.9,60.1,1924.7,37.3,337.1,459.8,17.9,1,207.1,297,291,NAGA MANI MIZO TRIPURA,1937,60,290.9,72
2971.6,153.6,491.4,0,29.2,29.2,413.6,494.6,58.4,1841.2,133.8,429,716.4,111.7,1,243.9,355.6,441.7,NAGA MANI MIZO TRIPURA,1938,29.2,441.6,0
2608.3,203.7,333.9,2,59.3,2.6,638.8,449.6,61.8,1803.1,34.5,274.4,512.6,30,1,198.8,230.8,380.8,NAGA MANI MIZO TRIPURA,1939,59.2,380.8,2
2526.7,35.5,345.7,23.6,74.6,0.3,458.2,496.2,74.8,1673.4,230.9,325.6,592,31.4,1,131.6,186.5,373.3,NAGA MANI MIZO TRIPURA,1940,74.5,373.3,23.5
2966.2,256.6,372.6,7.9,63.1,14.1,489.5,689.4,77.2,1839.7,34.1,563.1,853.8,44.2,1,143.3,195.5,288.2,NAGA MANI MIZO TRIPURA,1941,63.1,288.2,8
2680.9,250.4,461.8,1.5,15.7,6,403.3,528.7,21.7,1814.6,78.7,305.3,634.4,143.2,1,65.4,210.1,420.8,NAGA MANI MIZO TRIPURA,1942,15.7,420.8,1.5
2427.9,143.7,485.2,0.6,28.8,68.4,422.5,496.1,97.2,1758.8,131.3,210.3,485.2,2.2,1,84,86.7,354.9,NAGA MANI MIZO TRIPURA,1943,28.8,355,0.5
2877.3,128.6,440.7,0.7,20.2,91.4,527.9,670.5,111.6,2130,69.7,321.8,520.2,4.4,1,110.5,115.6,490.8,NAGA MANI MIZO TRIPURA,1944,20.2,490.9,0.7
3051.9,170.4,509.7,53.3,60.9,68.7,573.9,595.3,129.6,2057.7,67.7,354.2,592.3,13.3,1,205.6,272.2,378.8,NAGA MANI MIZO TRIPURA,1945,60.9,378.8,53.3
3036.2,237.5,397.9,50.5,19.1,0,647.7,517.5,19.1,1868.2,189.3,352.4,779.2,7.7,1,311.4,369.6,305.1,NAGA MANI MIZO TRIPURA,1946,19.1,305.1,50.5
3210.2,176,491.1,29.7,4.3,3,640.5,723.9,7.3,2271.1,44.3,374.4,594.6,1.7,1,306,337.3,415.6,NAGA MANI MIZO TRIPURA,1947,4.3,415.6,29.6
2822.1,206.5,472.5,3.7,65.1,5.5,500.1,410.3,70.6,1807.2,54.3,468.4,729.3,71.4,1,140,215.1,424.2,NAGA MANI MIZO TRIPURA,1948,65.1,424.3,3.7
2976.3,370.2,416.9,2,12.6,8.1,507.7,562.8,20.6,1914.9,67.4,419.6,857.3,4.2,1,177.3,183.5,427.5,NAGA MANI MIZO TRIPURA,1949,12.5,427.5,2
2423,87.8,535.3,8.7,59.7,12.3,449.4,407.4,72.1,1647.5,79.1,207.4,374.3,82.9,1,237.5,329.1,255.4,NAGA MANI MIZO TRIPURA,1950,59.8,255.4,8.7
2609.3,360.1,440.5,20.8,0.2,3.9,436.2,495,4.1,1562.7,62.4,233.7,656.3,54.9,1,310.6,386.2,191.1,NAGA MANI MIZO TRIPURA,1951,0.2,191,20.7
2810.9,208.2,422.8,1.1,6.5,9.6,556.8,442.6,16.1,1742.7,97.1,345.9,651.2,76.2,1,323.6,400.9,320.5,NAGA MANI MIZO TRIPURA,1952,6.5,320.5,1.1
2661.6,90,424.3,8.7,16.5,7.4,387,570.9,23.8,1825.9,98.4,453.5,641.9,25,1,136.2,169.9,443.8,NAGA MANI MIZO TRIPURA,1953,16.4,443.7,8.7
2905.1,165.3,558.3,8.8,52.4,12.8,491.4,619.8,65.2,2031.2,37.7,300.2,503.3,2.4,1,294.2,305.4,361.7,NAGA MANI MIZO TRIPURA,1954,52.4,361.7,8.8
2865,213.6,514.7,5.1,5.7,6.2,559.2,461.4,11.9,1789,161.3,280.6,655.5,220.2,1,183.5,408.7,253.8,NAGA MANI MIZO TRIPURA,1955,5.7,253.7,5
3022.7,115.5,469.6,7.4,1.3,18.3,529.8,758.9,19.6,2015.7,102.2,474,691.7,101.1,1,187.1,295.6,257.5,NAGA MANI MIZO TRIPURA,1956,1.3,257.4,7.4
2303.9,104.8,429.1,1.7,60.6,59.1,425.7,409.1,119.7,1618.3,10.2,300.1,415.1,0.8,1,148.3,150.8,354.4,NAGA MANI MIZO TRIPURA,1957,60.6,354.4,1.7
1968.6,93.7,254.8,2.7,87.2,6.2,308.3,256.4,93.4,1119,18.3,400.6,512.6,2.3,1,238.5,243.5,299.5,NAGA MANI MIZO TRIPURA,1958,87.2,299.5,2.7
2327.6,74,357.3,3.9,77.7,39.9,396.3,378.5,117.6,1371.2,148,260,482,0.1,1,352.8,356.8,239.1,NAGA MANI MIZO TRIPURA,1959,77.7,239.1,3.9
1799.9,34.2,286.6,0.3,6.1,0,374.9,406.4,6.1,1323.5,24.9,193.8,252.8,51.3,1,165.9,217.5,255.6,NAGA MANI MIZO TRIPURA,1960,6.1,255.6,0.3
1901.2,76.9,342.8,0.8,37.5,9.5,316.5,332.5,47,1250.5,193.3,212.1,482.4,24.4,1,96.1,121.3,258.8,NAGA MANI MIZO TRIPURA,1961,37.5,258.7,0.8
1822.5,139.8,356.6,0,26.6,11.2,298.8,554.6,37.8,1352.4,5.4,156.6,301.9,0,1,130.4,130.4,142.5,NAGA MANI MIZO TRIPURA,1962,26.6,142.4,0
2970,179.3,383,1.2,4.6,0,510.3,687.9,4.6,2075.9,50.7,278.5,508.4,6.5,1,373.4,381.1,494.6,NAGA MANI MIZO TRIPURA,1963,4.6,494.7,1.2
2328.7,280.6,242,7.5,37.1,4,484.4,357.8,41.1,1297.4,67.9,303.2,651.7,46.3,1,284.7,338.4,213.3,NAGA MANI MIZO TRIPURA,1964,37.1,213.2,7.4
2031,59.4,323,37,61.5,1.9,373.4,520.5,63.4,1479.1,35.9,169.5,264.7,22.6,1,164.1,223.7,262.2,NAGA MANI MIZO TRIPURA,1965,61.5,262.2,37
2478.6,85.3,405,65.1,2.7,15,399.3,666.8,17.7,1832.6,39.8,190.3,315.4,40.9,1,207,313,361.5,NAGA MANI MIZO TRIPURA,1966,2.7,361.5,65.1
2229.9,195.8,334,1.1,33.6,51.5,388,311.7,85,1374.9,129.5,247.8,573.1,10.9,1,184.8,196.8,341.3,NAGA MANI MIZO TRIPURA,1967,33.5,341.2,1.1
2110,142.2,391,0,20.9,17.3,531.9,396.1,38.1,1497.4,80.9,253.8,476.9,28.7,1,68.9,97.6,178.3,NAGA MANI MIZO TRIPURA,1968,20.8,178.4,0
3610,189.8,1347.2,0,2.4,20.1,868.3,606.6,22.4,3050.2,124.6,73.5,387.9,23.2,1,126.3,149.5,228.1,NAGA MANI MIZO TRIPURA,1969,2.3,228.1,0
4316.2,160.1,836.7,1,306.3,45.8,976.7,541.7,352.1,2841.3,103.6,315.9,579.6,116.7,1,425.6,543.2,486.2,NAGA MANI MIZO TRIPURA,1970,306.3,486.2,0.9
3080.7,312.6,553.1,4.5,67.6,28.4,624,543.2,96,2141.5,12.4,248,572.9,94.6,1,171.3,270.5,421.2,NAGA MANI MIZO TRIPURA,1971,67.6,421.2,4.6
1353.8,145,270.8,0,46.3,4.5,262.7,235.6,50.7,898.7,32.8,169.1,347,12.5,1,45,57.5,129.6,NAGA MANI MIZO TRIPURA,1972,46.2,129.6,0
2105.8,135.3,323.9,43.6,46,16.8,260,367.2,62.7,1183.8,29.3,329,493.5,162.6,1,159.7,365.8,232.7,NAGA MANI MIZO TRIPURA,1973,45.9,232.7,43.5
2329.6,160.7,361.5,0.2,2.4,8.9,517.3,438.1,11.3,1590.3,98.7,218.8,478.1,81.8,1,167.8,249.9,273.4,NAGA MANI MIZO TRIPURA,1974,2.4,273.4,0.3
2209.7,164.2,252.9,0.3,24.5,1.2,526.6,348.8,25.7,1407.1,17.5,243.7,425.3,146.1,1,205.1,351.5,278.9,NAGA MANI MIZO TRIPURA,1975,24.5,278.8,0.3
2651.4,187.8,365,0.1,51.3,3.3,507.8,861.1,54.7,1909,113.7,287.1,588.6,34.2,1,64.8,99.2,175.1,NAGA MANI MIZO TRIPURA,1976,51.4,175.1,0.2
2358.5,383.8,355.8,16.6,34.9,14.2,389.1,452,49.1,1389.9,27.7,303.7,715.1,38.2,1,149.6,204.4,193,NAGA MANI MIZO TRIPURA,1977,34.9,193,16.6
2150.8,147.5,277,0,4,0.7,357.8,496.7,4.7,1405.5,51.6,449.4,648.6,21.6,1,70.4,92,273.9,NAGA MANI MIZO TRIPURA,1978,4,274,0
1749.2,55.4,309.7,33.1,8.3,1.3,370,361.8,9.6,1314.4,72.9,158.8,287.1,47.1,1,57.9,138.1,272.9,NAGA MANI MIZO TRIPURA,1979,8.3,272.9,33.1
2305,145.7,312.1,0.7,42.4,7.2,327.4,373.3,49.6,1377.3,101.6,461.5,708.8,0.1,1,168.5,169.3,364.4,NAGA MANI MIZO TRIPURA,1980,42.4,364.5,0.7
2072.2,268,329.7,9.6,26.3,26.6,448.1,223.2,53,1214.2,105.5,377.5,750.9,11.5,1,33.1,54.2,213.2,NAGA MANI MIZO TRIPURA,1981,26.4,213.2,9.6
2027.5,224.6,466.3,3.7,54.8,0.1,373.6,371.9,54.9,1496.3,73.8,103.3,401.7,38.1,1,32.8,74.5,284.5,NAGA MANI MIZO TRIPURA,1982,54.8,284.5,3.6
2588,303.8,392.8,30.2,49.3,19.2,329.7,380.9,68.4,1343,244.9,402.4,951.1,6.2,1,189,225.4,239.7,NAGA MANI MIZO TRIPURA,1983,49.2,239.6,30.2
2454,121.1,387.2,28.8,1.8,17.4,255.3,514.6,19.2,1407.3,5.1,743,869.2,9.1,1,120.4,158.3,250.2,NAGA MANI MIZO TRIPURA,1984,1.8,250.2,28.8
2105.3,162.8,301.9,9.9,36.2,6.4,275.5,507.5,42.6,1364.2,87.1,377.6,627.5,8.7,1,52.3,70.9,279.4,NAGA MANI MIZO TRIPURA,1985,36.2,279.3,9.9
2342.3,263.4,364.6,26.3,7.3,8.8,376.9,325.5,16.1,1422.8,17.7,153,434.1,131.2,1,311.7,469.3,355.8,NAGA MANI MIZO TRIPURA,1986,7.3,355.8,26.4
2361.3,195,422.7,6.1,13.1,7.7,447.2,420.8,20.8,1679.4,68.9,144.9,408.8,74,1,172.2,252.3,388.6,NAGA MANI MIZO TRIPURA,1987,13.1,388.7,6.1
2820.2,141.9,407.4,4.3,33.6,0.4,540,466.4,34,1712.4,83.5,470.2,695.6,75.3,1,298.6,378.2,298.6,NAGA MANI MIZO TRIPURA,1988,33.6,298.6,4.3
2359,139.1,393.6,2.3,27.1,0.7,470.6,367.1,27.8,1607.6,17.2,206.9,363.2,5.3,1,352.9,360.4,376.3,NAGA MANI MIZO TRIPURA,1989,27.1,376.3,2.2
2582.3,274.9,344.7,42.9,32.5,0.2,387.9,380,32.7,1452,197.6,314.6,787.2,99.3,1,168.2,310.4,339.4,NAGA MANI MIZO TRIPURA,1990,32.5,339.4,42.9
2851.9,253.5,326,58.9,41.9,27.5,297.3,456.6,69.4,1467.2,64.1,619.4,937,28,1,291.4,378.3,387.3,NAGA MANI MIZO TRIPURA,1991,41.9,387.3,58.9
2221.4,95.7,397.2,8.5,67.1,4.4,439.1,343.8,71.5,1503.6,23.3,250.2,369.2,25.4,1,243.2,277.1,323.6,NAGA MANI MIZO TRIPURA,1992,67.1,323.5,8.5
2881.7,155.4,428.9,0,139.3,11.1,530.9,539.6,150.4,1802.3,92.8,499.4,747.7,16,1,165.4,181.4,302.9,NAGA MANI MIZO TRIPURA,1993,139.3,302.9,0
1712.5,134.7,335.7,0,30.1,9.5,305.7,256.2,39.6,1059.2,219.3,130.7,484.7,27,1,102,129,161.6,NAGA MANI MIZO TRIPURA,1994,30.1,161.6,0
2340.2,68.7,495.9,0.2,36.5,5.4,403.6,425.8,41.9,1637.9,52,254.5,375.2,155.3,1,129.7,285.3,312.5,NAGA MANI MIZO TRIPURA,1995,36.5,312.6,0.3
2194.5,97.3,363.5,8.7,30,8.1,395.1,314,38.1,1413.9,153.9,284.2,535.3,18.8,1,179.7,207.2,341.3,NAGA MANI MIZO TRIPURA,1996,30,341.3,8.7
2212,112,273.9,41.3,23.7,11.3,598.5,334,35.1,1567.9,134.4,255,501.4,17.8,1,48.6,107.7,361.6,NAGA MANI MIZO TRIPURA,1997,23.8,361.5,41.3
2225.4,164.6,367.3,0.3,31.6,28.1,480.6,297.6,59.7,1367.9,136.4,352.2,653.2,46.5,1,97.9,144.7,222.3,NAGA MANI MIZO TRIPURA,1998,31.6,222.4,0.3
2233,26.3,391.3,18.3,0,2.2,422.7,358.4,2.2,1510.9,33.5,397.5,457.3,16.5,1,227.7,262.6,338.5,NAGA MANI MIZO TRIPURA,1999,0,338.5,18.4
2363.9,214.2,465,1.1,26.1,22.5,269.2,325.4,48.6,1357.9,129.1,403.6,746.9,24.2,1,185.2,210.4,298.3,NAGA MANI MIZO TRIPURA,2000,26.1,298.3,1
2149,83.6,263,0.2,46.9,1.5,322.6,478,48.4,1332.6,38.8,313.8,436.1,65.4,1,266.4,332,269,NAGA MANI MIZO TRIPURA,2001,46.9,269,0.2
2242.3,143.8,358.4,6,3.9,18.6,462.2,351.6,22.5,1397.8,62.7,438.7,645.1,71.9,1,98.9,176.9,225.7,NAGA MANI MIZO TRIPURA,2002,3.9,225.6,6.1
2162.2,158.9,281.7,40.9,11.5,3.8,262.4,590.9,15.3,1423.4,78,265.6,502.4,5.1,1,175.1,221.1,288.4,NAGA MANI MIZO TRIPURA,2003,11.5,288.4,40.9
2353.7,341.5,284.3,0.5,2.7,4.8,558.6,449.2,7.4,1643.2,11,211,563.5,6.4,1,132.7,139.6,351,NAGA MANI MIZO TRIPURA,2004,2.6,351.1,0.5
1836.7,98.1,334.8,10.5,15,6.4,301.5,212.3,21.4,1141.1,118.6,237,453.7,15.6,1,194.3,220.4,292.6,NAGA MANI MIZO TRIPURA,2005,15,292.5,10.5
1872,111.1,241.6,3.7,12.4,0.6,335,445.6,12.9,1253.2,5.5,382.2,498.8,13,1,90.4,107.1,231.1,NAGA MANI MIZO TRIPURA,2006,12.3,231,3.7
2538.2,220.4,373.8,10.1,54.7,7.9,430,446.3,62.6,1676.6,28.7,276.7,525.8,82.6,1,180.5,273.2,426.6,NAGA MANI MIZO TRIPURA,2007,54.7,426.5,10.1
1748.9,54.9,358.6,1.2,13.8,30.7,333.3,327.4,44.4,1243,49.6,200.8,305.3,4.7,1,150.2,156.1,223.7,NAGA MANI MIZO TRIPURA,2008,13.7,223.7,1.2
1737.7,93.1,380.9,0.2,3.2,0,295.8,271.9,3.2,1219.9,27.5,209.5,330.1,26.1,1,158.2,184.5,271.3,NAGA MANI MIZO TRIPURA,2009,3.2,271.3,0.2
2295.2,161.5,393.2,33.5,7.9,1,367.5,411.6,8.9,1482,85.8,294,541.4,9.2,1,220.2,262.9,309.8,NAGA MANI MIZO TRIPURA,2010,7.9,309.7,33.5
1892.1,81.1,367.6,0.2,3.6,12.6,313.3,374.2,16.1,1313.4,51.4,334.9,467.4,2.4,1,92.6,95.2,258.3,NAGA MANI MIZO TRIPURA,2011,3.5,258.3,0.2
1922.9,243.5,342.7,0.4,10.2,24.5,280.1,396.2,34.7,1267.6,20.3,163.5,427.3,32,1,160.9,193.3,248.7,NAGA MANI MIZO TRIPURA,2012,10.2,248.6,0.4
1557.2,60.3,291.3,1.2,5.7,0.2,255.9,206.6,5.9,995.2,19.7,348.9,428.9,0.3,1,125.6,127.1,241.4,NAGA MANI MIZO TRIPURA,2013,5.7,241.4,1.2
1599.9,49.6,372.3,0.1,21,1.2,295.7,268.3,22.2,1237.2,25.4,192.5,267.5,3.3,1,69.6,73,300.9,NAGA MANI MIZO TRIPURA,2014,21,300.9,0.1
1922.4,253.5,334.2,10,14.2,14.4,413.6,283.9,28.7,1287.7,21.6,198.3,473.4,3.9,1,118.7,132.6,255.9,NAGA MANI MIZO TRIPURA,2015,14.3,256,10
2113.2,29.2,501.1,2.6,14.8,26.5,524.8,488.4,41.3,1757,14.1,195.5,238.9,17.9,1,55.5,76.1,242.7,SUB HIMALAYAN WEST BENGAL & SIKKIM,1901,14.8,242.7,2.7
3180.4,126.1,603.8,0,0.7,1.2,671,539.2,1.9,2613.9,87.1,271.3,484.6,5.6,1,74.4,80.1,799.9,SUB HIMALAYAN WEST BENGAL & SIKKIM,1902,0.7,799.9,0.1
2404.5,18.6,708.8,0,8.7,5.5,431.5,541.2,14.3,2046.7,19.6,163.6,201.9,0.3,1,141.3,141.6,365.2,SUB HIMALAYAN WEST BENGAL & SIKKIM,1903,8.8,365.2,0
2169.9,124.3,468.5,1.1,29.2,3.4,500.4,274.2,32.5,1503.7,0.9,333.6,458.8,8.9,1,164.8,174.8,260.6,SUB HIMALAYAN WEST BENGAL & SIKKIM,1904,29.1,260.6,1.1
3005,104.4,1036.6,18.7,31.2,12,523.1,524.8,43.2,2405.6,51.9,290.6,447,2.7,1,87.9,109.3,321.1,SUB HIMALAYAN WEST BENGAL & SIKKIM,1905,31.2,321.1,18.7
2618,13,816,0.4,49.2,9.3,706.4,438,58.5,2169,30.4,198.1,241.5,8,1,140.5,149,208.6,SUB HIMALAYAN WEST BENGAL & SIKKIM,1906,49.2,208.6,0.5
2530,108.8,358.8,4.1,20.8,10.4,889.8,408.1,31.2,2112.9,71.1,156.2,336.1,5.8,1,40,49.8,456.1,SUB HIMALAYAN WEST BENGAL & SIKKIM,1907,20.8,456.2,4
1988.2,53.8,268.5,0,32.9,10.6,449.1,368.6,43.5,1527.8,9.8,315,378.6,2.3,1,36,38.3,441.6,SUB HIMALAYAN WEST BENGAL & SIKKIM,1908,32.9,441.6,0
2670.1,147.8,600.5,1.8,8.6,2.1,340.9,896,10.7,2177.5,0,191.9,339.7,3.6,1,136.8,142.2,340.2,SUB HIMALAYAN WEST BENGAL & SIKKIM,1909,8.6,340.1,1.8
3046.1,47.4,489.2,0.2,17.4,2.5,859.8,833.7,19.9,2535.7,73.2,170.4,291.1,11.2,1,188,199.3,353.1,SUB HIMALAYAN WEST BENGAL & SIKKIM,1910,17.4,353,0.1
3194.2,117.3,430.4,0.1,6.7,22.9,853.2,575.4,29.7,2352.3,40.8,315.2,473.3,12.4,1,326.4,338.9,493.3,SUB HIMALAYAN WEST BENGAL & SIKKIM,1911,6.8,493.3,0.1
2793.6,134.7,553.3,0.5,12,2.3,743.5,397.8,14.3,2030.1,81.8,277.3,493.8,121.9,1,133,255.4,335.6,SUB HIMALAYAN WEST BENGAL & SIKKIM,1912,12,335.5,0.5
2935.1,52.2,477.7,53.2,35.1,0.7,596.1,736.9,35.9,2287.4,46.5,301.4,400.1,4.8,1,153.7,211.8,476.6,SUB HIMALAYAN WEST BENGAL & SIKKIM,1913,35.2,476.7,53.3
2414.1,139.2,741.7,0.3,70,2.2,351.3,402.2,72.2,1887.9,9.1,247.7,396,14.8,1,43,58,392.8,SUB HIMALAYAN WEST BENGAL & SIKKIM,1914,70,392.7,0.2
2504.9,72.7,610.7,0.6,52.9,1,509.1,352.7,53.9,1831.5,50.4,366.4,489.5,13,1,116.5,130.1,359,SUB HIMALAYAN WEST BENGAL & SIKKIM,1915,52.9,359,0.6
3476.8,165.3,514.9,1.1,17.6,6.6,1020.8,649,24.2,2756.6,8.7,305.4,479.4,5.6,1,209.9,216.6,571.9,SUB HIMALAYAN WEST BENGAL & SIKKIM,1916,17.6,571.9,1.1
2841.6,23.4,410.5,0.4,21.4,1,740.5,619.4,22.4,2198.4,15.1,226.1,264.5,1.7,1,354.3,356.3,428,SUB HIMALAYAN WEST BENGAL & SIKKIM,1917,21.4,428,0.3
2981.4,141.9,746.9,0.1,1.5,0.8,703.8,682.6,2.2,2478.2,17.2,306.3,465.3,2,1,33.6,35.6,345,SUB HIMALAYAN WEST BENGAL & SIKKIM,1918,1.4,344.9,0
2544.5,93.4,285.9,0.4,5,19.6,704,558,24.6,2066.1,5.5,177.8,276.7,6.1,1,170.5,177,518.2,SUB HIMALAYAN WEST BENGAL & SIKKIM,1919,5,518.2,0.4
2884.1,66,608.7,0,24.2,0.8,389.8,615.2,25.1,2402.5,80.5,148.9,295.3,0.2,1,161,161.2,788.8,SUB HIMALAYAN WEST BENGAL & SIKKIM,1920,24.3,788.8,0
3513.4,157.4,521.4,7.1,6,37.9,970.2,589.2,43.9,2560.4,54.9,503.1,715.5,2.7,1,183.8,193.7,479.6,SUB HIMALAYAN WEST BENGAL & SIKKIM,1921,6,479.6,7.2
3001.9,45.4,526.3,3.9,2.5,17.8,719.8,803,20.4,2620.3,5.6,217.1,268.1,1.9,1,87.2,93.1,571.2,SUB HIMALAYAN WEST BENGAL & SIKKIM,1922,2.6,571.2,4
2489,104.2,228.1,1.7,40.2,0,656.3,536.9,40.2,1925.4,3.8,336.5,444.5,0.6,1,76.5,78.9,504.1,SUB HIMALAYAN WEST BENGAL & SIKKIM,1923,40.2,504.1,1.8
2950.9,110.9,491.2,1.9,3.5,0.8,732,693.1,4.3,2355.4,4.1,264.7,379.7,81.4,1,128.2,211.5,439,SUB HIMALAYAN WEST BENGAL & SIKKIM,1924,3.5,439.1,1.9
2886.6,261.6,664.5,0.8,6.1,3,446,554.1,9.1,2233.3,13.1,284.6,559.3,14.8,1,69.3,84.9,568.6,SUB HIMALAYAN WEST BENGAL & SIKKIM,1925,6.1,568.7,0.8
2637.7,43.7,396.4,9.9,2.9,12.7,853.8,580.8,15.6,2162.8,66.5,236.1,346.4,0.2,1,102.8,112.9,331.8,SUB HIMALAYAN WEST BENGAL & SIKKIM,1926,2.9,331.8,9.9
2732.2,44.5,408.4,0.3,33.9,21,518.1,682.1,55,2152,56.4,300.4,401.2,16.3,1,107.3,124,543.5,SUB HIMALAYAN WEST BENGAL & SIKKIM,1927,34,543.4,0.4
2868.9,92.6,660.9,1.9,11.8,25.5,666.2,527.8,37.3,2250.7,5.4,210.8,308.9,14.9,1,255.3,272.1,395.9,SUB HIMALAYAN WEST BENGAL & SIKKIM,1928,11.8,395.8,1.9
2931.3,126.4,392.6,14.3,2,49.7,554.5,594,51.7,1942,37.9,235,399.4,10.5,1,513.5,538.3,400.9,SUB HIMALAYAN WEST BENGAL & SIKKIM,1929,2,400.9,14.3
2184.5,61.3,475.8,2.4,19.9,17.6,346.1,495.1,37.5,1646.7,51.7,192.3,305.4,52,1,140.4,194.9,329.6,SUB HIMALAYAN WEST BENGAL & SIKKIM,1930,19.9,329.7,2.5
2876.5,98.6,408.7,4.5,9.7,2.8,793.8,523.7,12.4,2311.6,28.2,296.3,423.2,12.7,1,112.1,129.3,585.3,SUB HIMALAYAN WEST BENGAL & SIKKIM,1931,9.6,585.4,4.5
2715.6,72.4,582.9,24.4,7,3,363.5,731.3,10,2057.8,8.6,255.9,336.9,132.1,1,154.4,310.9,380.1,SUB HIMALAYAN WEST BENGAL & SIKKIM,1932,7,380.1,24.4
2514.2,112.4,512.3,1.1,9.4,16.5,653.3,565.3,25.9,2015,0.5,206,318.9,3.9,1,149.3,154.4,284.1,SUB HIMALAYAN WEST BENGAL & SIKKIM,1933,9.4,284.1,1.2
2612.9,86.8,455.6,6.8,60.2,10.5,656.2,517.2,70.7,2065.4,0.4,227.5,314.7,4,1,151.4,162.2,436.3,SUB HIMALAYAN WEST BENGAL & SIKKIM,1934,60.2,436.4,6.8
2785.1,24.2,935.1,1.8,28.4,9.5,365.4,609.2,37.9,2431.5,16.6,248.9,289.7,6.3,1,18,26.1,521.7,SUB HIMALAYAN WEST BENGAL & SIKKIM,1935,28.4,521.8,1.8
2660.3,85.7,508.7,8.3,8.9,3.7,663.8,410.4,12.5,2118.8,46.7,274.8,407.3,0.1,1,113.2,121.6,536,SUB HIMALAYAN WEST BENGAL & SIKKIM,1936,8.8,535.9,8.3
2568.4,63.7,654,2,68.6,0,477.3,317.2,68.6,1803.4,2.2,270.2,336,6.7,1,351.6,360.4,354.8,SUB HIMALAYAN WEST BENGAL & SIKKIM,1937,68.6,354.9,2.1
3249.3,76.2,539,0.1,8.2,0.8,699.4,889.2,8.9,2588.7,7.6,460.9,544.7,4.4,1,102.4,106.9,461,SUB HIMALAYAN WEST BENGAL & SIKKIM,1938,8.1,461.1,0.1
2591.1,6.7,460.5,0.3,19.8,0,605.9,626.3,19.8,2137.4,5.8,268.3,280.8,6.5,1,146.3,153.1,444.6,SUB HIMALAYAN WEST BENGAL & SIKKIM,1939,19.8,444.7,0.3
2320.2,24.7,400.8,3.1,54.2,0.1,600.3,469.1,54.2,1878.7,121.2,217.1,363,9.5,1,11.7,24.3,408.4,SUB HIMALAYAN WEST BENGAL & SIKKIM,1940,54.1,408.5,3.1
2718,85.4,582.1,4.5,6.3,3.8,544.9,470.1,10.1,2049.9,12.7,378.8,477,22,1,154.5,181,452.8,SUB HIMALAYAN WEST BENGAL & SIKKIM,1941,6.3,452.8,4.5
2365.4,186.9,363.8,0,19.5,6.6,382.2,537.8,26.1,1795.6,45.7,253.8,486.4,7.6,1,49.7,57.3,511.7,SUB HIMALAYAN WEST BENGAL & SIKKIM,1942,19.5,511.8,0
2917.6,185,555.7,0.9,38.8,42,450,828.9,80.8,2367.4,30.3,209.6,424.9,4,1,39.6,44.5,532.8,SUB HIMALAYAN WEST BENGAL & SIKKIM,1943,38.8,532.8,0.9
2583.2,105.9,416.7,0,15.7,37.1,446.9,585.9,52.8,2062.8,53.9,248.8,408.6,6.9,1,52.1,59,613.3,SUB HIMALAYAN WEST BENGAL & SIKKIM,1944,15.7,613.3,0
2755.4,120.3,680,1.3,21.3,27.8,551.3,398.3,49.2,2036.5,6.9,305.4,432.6,0,1,235.9,237.1,406.9,SUB HIMALAYAN WEST BENGAL & SIKKIM,1945,21.4,406.9,1.2
2768.5,182.8,401.1,0.2,11.6,0,599.9,523.4,11.6,1986.1,34.2,248.7,465.7,7.8,1,297,305.1,461.7,SUB HIMALAYAN WEST BENGAL & SIKKIM,1946,11.6,461.7,0.3
2534.1,76,439.2,0.5,0.8,1.6,688.1,377.7,2.4,2046.9,93.4,171.1,340.5,1.9,1,141.9,144.3,542,SUB HIMALAYAN WEST BENGAL & SIKKIM,1947,0.8,541.9,0.5
2936.6,178.3,415.5,1.3,15.5,0.5,798,556.3,15.9,2119.1,21.5,357.5,557.3,57.1,1,185.8,244.2,349.2,SUB HIMALAYAN WEST BENGAL & SIKKIM,1948,15.4,349.3,1.3
3287.7,281.8,586.3,5.1,25.5,9.6,645.1,660.9,35.1,2288.1,14.1,351.9,647.8,0.1,1,311.4,316.7,395.8,SUB HIMALAYAN WEST BENGAL & SIKKIM,1949,25.5,395.8,5.2
2762.5,48.4,639.9,0.3,19.6,0.3,570.9,747.5,19.9,2324.5,27.9,210.4,286.7,0.2,1,131,131.5,366.2,SUB HIMALAYAN WEST BENGAL & SIKKIM,1950,19.6,366.2,0.3
2683.1,69.3,503.7,0,0.5,1,778.3,546.5,1.5,2154.5,22.7,239.8,331.7,37.3,1,158,195.4,326.1,SUB HIMALAYAN WEST BENGAL & SIKKIM,1951,0.5,326,0.1
3270.7,168.2,522.9,3.7,22.2,1.3,713,580.6,23.4,2404.3,80.8,420.8,669.9,20.7,1,148.8,173.1,587.9,SUB HIMALAYAN WEST BENGAL & SIKKIM,1952,22.1,587.8,3.6
2594,64.5,315.5,4.1,10.7,28.2,755.2,427.7,39,2039.1,88.1,253.2,405.8,0.4,1,105.7,110.2,540.7,SUB HIMALAYAN WEST BENGAL & SIKKIM,1953,10.8,540.7,4.1
3055.6,71.1,496.2,3.5,10.2,15.7,961.5,841.5,25.9,2549.9,10,308.9,390,0.7,1,85.6,89.7,250.8,SUB HIMALAYAN WEST BENGAL & SIKKIM,1954,10.2,250.7,3.4
2992.9,71.5,626.2,4.6,2.8,4.6,1064.6,541,7.4,2596.9,34.6,220.5,326.6,6.1,1,51.3,62,365,SUB HIMALAYAN WEST BENGAL & SIKKIM,1955,2.8,365.1,4.6
2885.5,164.9,486.8,3.6,1.4,14.8,471.4,747.9,16.2,1991.4,42.6,420.9,628.4,30.1,1,215.8,249.6,285.2,SUB HIMALAYAN WEST BENGAL & SIKKIM,1956,1.4,285.3,3.7
2225.5,10.6,535.4,3.8,8.9,103,650.6,430.2,112,1824.6,25.5,167.7,203.7,7.7,1,73.7,85.1,208.4,SUB HIMALAYAN WEST BENGAL & SIKKIM,1957,9,208.4,3.7
2820.3,120.6,898.1,3,17.5,8.1,500.3,487.8,25.6,2239.4,14.8,269.4,404.8,1.8,1,145.6,150.4,353.2,SUB HIMALAYAN WEST BENGAL & SIKKIM,1958,17.5,353.2,3
2580.1,111.6,291.7,0.1,5.7,99.8,538.6,565.9,105.5,1734.2,64.3,218.7,394.6,0.9,1,345,346,337.9,SUB HIMALAYAN WEST BENGAL & SIKKIM,1959,5.7,338,0.1
2610.5,4.8,387.2,0,6.5,0.1,764.5,407.2,6.6,2182,52,293.2,350,0,1,71.9,71.9,623,SUB HIMALAYAN WEST BENGAL & SIKKIM,1960,6.5,623.1,0
2304.2,39.3,542,5.4,38.9,11.5,448.9,448.3,50.4,1780.8,19.6,279.2,338.1,2.1,1,127.5,135,341.5,SUB HIMALAYAN WEST BENGAL & SIKKIM,1961,38.9,341.6,5.4
2521.7,57.2,663.2,2.6,21.7,33,516.6,537.1,54.7,1996.4,14.4,318.7,390.3,0.4,1,77.4,80.3,279.5,SUB HIMALAYAN WEST BENGAL & SIKKIM,1962,21.7,279.5,2.5
2604.7,103.9,611.9,3,0.7,2.1,676.1,409.4,2.7,1965.1,32.2,323.6,459.7,21.7,1,152.5,177.2,267.7,SUB HIMALAYAN WEST BENGAL & SIKKIM,1963,0.6,267.7,3
2981.4,127,445.6,0.1,1.2,0,959.1,613.2,1.2,2504.7,9.4,184.7,321,3.4,1,151,154.5,486.8,SUB HIMALAYAN WEST BENGAL & SIKKIM,1964,1.2,486.8,0.1
2762.7,69.5,830.2,0.2,22,0.2,697.6,444.6,22.1,2318.2,48.2,232.4,350.1,32.7,1,39.5,72.3,345.7,SUB HIMALAYAN WEST BENGAL & SIKKIM,1965,21.9,345.8,0.1
2515.3,51.5,682.8,3.8,7.6,29.5,741.5,287.5,37.1,2069.1,3,231.7,286.2,18.3,1,100.9,123,357.3,SUB HIMALAYAN WEST BENGAL & SIKKIM,1966,7.6,357.3,3.8
2860.5,85.3,274.1,11.1,0.1,2.3,901.6,727.5,2.4,2312.6,98.8,213.7,397.8,7.9,1,128.7,147.7,409.4,SUB HIMALAYAN WEST BENGAL & SIKKIM,1967,0.1,409.4,11.1
3378.8,90.8,594.2,0.5,4.7,26.3,827.6,646.7,31,2583.3,34.3,237.3,362.4,87.3,1,314.3,402.1,514.8,SUB HIMALAYAN WEST BENGAL & SIKKIM,1968,4.7,514.8,0.5
2424.9,77.5,448.2,0,2.8,11.5,550.5,504.8,14.4,1934.6,45.1,273.3,396,34.1,1,45.8,79.9,431.2,SUB HIMALAYAN WEST BENGAL & SIKKIM,1969,2.9,431.1,0
2702.3,162.5,425.4,0,13.4,18,731.2,556.6,31.4,2273.9,7.6,162.7,332.9,3.3,1,60.7,64.1,560.8,SUB HIMALAYAN WEST BENGAL & SIKKIM,1970,13.4,560.7,0.1
3226.8,239.8,542,1.9,21.3,28.4,599.5,757.6,49.7,2274.4,63,244.5,547.4,24.8,1,328.7,355.4,375.4,SUB HIMALAYAN WEST BENGAL & SIKKIM,1971,21.3,375.3,1.9
2414.6,134.3,335.1,0.9,41.6,9.4,590.3,457.2,51,1789.7,52.1,287.5,473.9,12.3,1,86.8,100,407.1,SUB HIMALAYAN WEST BENGAL & SIKKIM,1972,41.6,407.1,0.9
2804.6,82.9,424.7,3.9,35.9,13.8,426.5,679.8,49.7,2005.1,40.8,324.3,448,16.6,1,281.3,301.8,474.1,SUB HIMALAYAN WEST BENGAL & SIKKIM,1973,35.9,474.1,3.9
3341.6,210.8,673.7,8.3,2.5,19.1,826.8,508.1,21.6,2489.4,94.4,339,644.2,3,1,175,186.3,480.8,SUB HIMALAYAN WEST BENGAL & SIKKIM,1974,2.5,480.8,8.3
2663.6,83.7,263.8,6.6,29.9,20.4,808.2,493.2,50.2,2080.8,15.6,251.1,350.4,1,1,174.6,182.2,515.7,SUB HIMALAYAN WEST BENGAL & SIKKIM,1975,29.8,515.6,6.6
2793.9,112.8,671.7,1.2,51,8.8,531.9,649.2,59.7,2140.8,27.3,303.5,443.6,35.5,1,113.1,149.8,288,SUB HIMALAYAN WEST BENGAL & SIKKIM,1976,50.9,288,1.2
2906.5,245.6,627.8,25.3,16,6.6,502.9,466,22.6,1912.7,67.6,308.1,621.3,60.8,1,263.7,349.8,316,SUB HIMALAYAN WEST BENGAL & SIKKIM,1977,16,316,25.3
2377.8,136.7,274,10.8,17.9,14.7,545.2,515.5,32.6,1711.1,49.3,313.3,499.2,61.1,1,62.9,134.8,376.5,SUB HIMALAYAN WEST BENGAL & SIKKIM,1978,17.9,376.4,10.8
2511.7,100.6,432.4,38.1,26.8,8.1,741.7,261.7,34.9,1862.9,15.1,142,257.7,31.7,1,286.5,356.3,427,SUB HIMALAYAN WEST BENGAL & SIKKIM,1979,26.8,427.1,38.1
3148.6,130.4,692.5,2,44.8,11.6,774.4,485.9,56.4,2430.4,77.3,300.1,507.8,0.9,1,151.2,154.1,477.5,SUB HIMALAYAN WEST BENGAL & SIKKIM,1980,44.8,477.6,2
2969.3,185.6,540.9,17.3,23,48.8,833.1,468.6,71.8,2295.9,77.8,273.7,537.1,9.2,1,38.1,64.6,453.2,SUB HIMALAYAN WEST BENGAL & SIKKIM,1981,23,453.3,17.3
2337.7,125.6,305.5,10.6,9.9,0.2,749.5,499,10.1,1895.7,47,174.5,347.1,20,1,54.1,84.8,341.6,SUB HIMALAYAN WEST BENGAL & SIKKIM,1982,9.9,341.7,10.7
2838.8,87.7,295.6,20.8,56.9,26.7,758.4,557.9,83.7,2147.6,35.3,335.3,458.3,3.2,1,125.1,149.1,535.8,SUB HIMALAYAN WEST BENGAL & SIKKIM,1983,57,535.7,20.8
2748.4,127.3,364.8,11.5,11.3,29.3,737.2,474.6,40.6,1982.1,42.6,360.1,530,5.1,1,179.1,195.7,405.5,SUB HIMALAYAN WEST BENGAL & SIKKIM,1984,11.3,405.5,11.5
3037.9,69.5,372.7,27.3,30.5,2.2,907.4,532.7,32.8,2277.3,43.2,358.6,471.2,17.4,1,211.9,256.6,464.5,SUB HIMALAYAN WEST BENGAL & SIKKIM,1985,30.6,464.5,27.3
2365.4,122.4,363.2,6.4,5.8,1.3,545.4,436.4,7.1,1838.9,7.9,152.1,282.4,15.5,1,215.1,237,493.9,SUB HIMALAYAN WEST BENGAL & SIKKIM,1986,5.8,493.9,6.4
3185.5,152.7,836.6,1.2,35.3,2.8,791.9,451,38.1,2609.8,79.8,148,380.6,5.6,1,150.3,157.1,530.3,SUB HIMALAYAN WEST BENGAL & SIKKIM,1987,35.3,530.3,1.2
3141.4,96.5,990.5,5.5,24.6,6.8,831.7,304.9,31.4,2573.6,71.2,268.8,436.5,18.4,1,76,99.9,446.6,SUB HIMALAYAN WEST BENGAL & SIKKIM,1988,24.6,446.5,5.5
2854.6,58.1,407.8,17.6,41.6,21,629.8,551.3,62.6,2182.5,45.8,358.4,462.2,30.7,1,98.9,147.2,593.6,SUB HIMALAYAN WEST BENGAL & SIKKIM,1989,41.6,593.6,17.6
3565.3,158.3,916.6,13.7,109.9,3.8,814.1,554.7,113.6,2726,80.1,358.2,596.6,0.4,1,115,129.1,440.6,SUB HIMALAYAN WEST BENGAL & SIKKIM,1990,109.8,440.6,13.7
3072.4,102.7,500.9,30.4,24.2,41.5,592.6,691.4,65.7,2474.4,45.8,283.7,432.3,1.7,1,67.8,99.9,689.5,SUB HIMALAYAN WEST BENGAL & SIKKIM,1991,24.2,689.5,30.4
2358.8,84,458,9.5,46.7,10,736.3,328.1,56.7,1798.8,26,253.4,363.4,5,1,125.5,140,276.4,SUB HIMALAYAN WEST BENGAL & SIKKIM,1992,46.7,276.4,9.5
2895.9,136.9,521.6,2.4,35.2,37.6,723.9,449.6,72.9,2047.3,58.8,320.5,516.2,28.4,1,228.8,259.6,352.2,SUB HIMALAYAN WEST BENGAL & SIKKIM,1993,35.3,352.2,2.4
2127.3,126.6,396.1,2.2,55,49.6,357.3,388,104.6,1443.6,114.1,243.3,484.1,8.5,1,84.3,95,302.1,SUB HIMALAYAN WEST BENGAL & SIKKIM,1994,55,302.2,2.2
3557.8,84.2,539.2,14,41.1,17.9,775.3,859,59,2812,50.6,349.6,484.5,88.6,1,99.7,202.3,638.5,SUB HIMALAYAN WEST BENGAL & SIKKIM,1995,41.1,638.5,14
2800.3,85,545.1,0,34.2,30.9,863.6,334.6,65.1,2081.3,59.5,401.7,546.1,0.4,1,107.3,107.8,337.9,SUB HIMALAYAN WEST BENGAL & SIKKIM,1996,34.2,338,0.1
2551.4,119.5,479,56.5,31.3,18.9,488.1,613.3,50.2,2024.2,76.4,166.9,362.9,16.3,1,41.3,114.1,443.9,SUB HIMALAYAN WEST BENGAL & SIKKIM,1997,31.3,443.8,56.5
3655.1,154.1,860.4,2.1,37,13.6,854.6,653,50.5,2846.8,125.1,254.2,533.4,13.1,1,209.1,224.3,478.9,SUB HIMALAYAN WEST BENGAL & SIKKIM,1998,36.9,478.8,2.1
3323.3,156,751.6,4.5,6.2,8.7,831.7,550.5,14.9,2537.9,17.9,335.4,509.3,10.7,1,246,261.2,404.1,SUB HIMALAYAN WEST BENGAL & SIKKIM,1999,6.2,404.1,4.5
2908,185.1,498.1,1.2,36.2,10.7,574.3,649.6,46.9,2187.8,55.1,326.5,566.6,22.6,1,82.9,106.7,465.8,SUB HIMALAYAN WEST BENGAL & SIKKIM,2000,36.2,465.8,1.2
2612.6,134.8,424.5,5.9,20.5,4,399,472.2,24.5,1730.5,50.2,347.2,532.2,36.6,1,282.8,325.4,434.9,SUB HIMALAYAN WEST BENGAL & SIKKIM,2001,20.5,434.8,6
2547,237.1,406.6,10.8,10,30.1,743.3,407.2,40.1,1897.2,95.6,181.7,514.4,8.7,1,75.7,95.2,340.1,SUB HIMALAYAN WEST BENGAL & SIKKIM,2002,10,340.1,10.8
2723.3,171.4,354,19.2,79.2,17,703,516.6,96.3,1895.1,90.1,211.7,473.3,16.4,1,223,258.7,321.4,SUB HIMALAYAN WEST BENGAL & SIKKIM,2003,79.3,321.5,19.3
2714.7,163.5,356.4,4.4,11.5,19.9,739.5,489.5,31.4,1980.1,40.5,287.5,491.5,9,1,198.4,211.8,394.7,SUB HIMALAYAN WEST BENGAL & SIKKIM,2004,11.5,394.7,4.4
2807.7,155.5,564.5,0.5,21,19.5,704.3,446.5,40.6,1945.1,132.1,254,541.6,8.8,1,271.1,280.4,229.9,SUB HIMALAYAN WEST BENGAL & SIKKIM,2005,21.1,229.8,0.5
2262.1,119.3,295,7.9,17,0.7,470.2,446.2,17.7,1668.2,39.8,270.5,429.6,20.3,1,118.4,146.6,456.8,SUB HIMALAYAN WEST BENGAL & SIKKIM,2006,17,456.8,7.9
2638.9,160.1,412.4,2,81.1,3.1,686.3,485.1,84.2,2042.5,46.6,215.1,421.7,8.8,1,79.5,90.3,458.6,SUB HIMALAYAN WEST BENGAL & SIKKIM,2007,81.1,458.7,2
2689.9,141.8,636.3,9.5,22.1,33.2,657.7,526.5,55.3,2117.3,79.8,171.4,393,16.9,1,97.9,124.3,296.7,SUB HIMALAYAN WEST BENGAL & SIKKIM,2008,22.1,296.8,9.5
2324.6,115.2,568.4,5.6,40.3,6,456.1,350.6,46.3,1549.6,55,308.7,478.9,9.1,1,235.1,249.8,174.6,SUB HIMALAYAN WEST BENGAL & SIKKIM,2009,40.3,174.5,5.6
2612.3,176.6,461.3,2.2,19.6,5.6,593.4,558.1,25.2,1920.8,77.6,335.9,590,7.9,1,66.2,76.3,308.1,SUB HIMALAYAN WEST BENGAL & SIKKIM,2010,19.6,308,2.2
2418.7,135,470.3,4.3,19.9,8.5,612.3,419.8,28.4,1858.6,71.2,247.8,453.9,26.7,1,46.7,77.7,356.3,SUB HIMALAYAN WEST BENGAL & SIKKIM,2011,19.9,356.2,4.3
2632.2,159.8,332.7,7.4,13.9,15.3,684.5,604.2,29.2,2056,45.5,202.4,407.7,12.5,1,119.4,139.3,434.7,SUB HIMALAYAN WEST BENGAL & SIKKIM,2012,13.9,434.6,7.4
2406.1,114.7,416.3,2.7,23.6,3,588.4,404.9,26.7,1717.6,32.1,296.5,443.4,16.1,1,199.8,218.5,308,SUB HIMALAYAN WEST BENGAL & SIKKIM,2013,23.7,308,2.6
2322.6,47.9,563.3,2.4,26.6,0.2,384.6,543.2,26.9,1862.6,37.7,308.6,394.2,5.3,1,31.2,38.9,371.5,SUB HIMALAYAN WEST BENGAL & SIKKIM,2014,26.7,371.5,2.4
2518.6,149,626.6,9,15,15.7,393.3,508.2,30.7,1883,64.8,304.6,518.5,23.8,1,53.6,86.4,354.9,SUB HIMALAYAN WEST BENGAL & SIKKIM,2015,15,354.9,9
1487.6,64.1,275.7,0,58.4,37.1,280.8,198,95.5,1068,3.9,121.7,189.7,83.4,1,51.1,134.4,313.5,GANGETIC WEST BENGAL,1901,58.4,313.5,-0.1
1347.7,103.8,264.8,9.9,1.2,0,347.8,140.9,1.2,984,44.2,161.6,309.6,10.4,1,32.5,52.9,230.5,GANGETIC WEST BENGAL,1902,1.2,230.5,10
1354.3,30.6,277.6,0,24.6,17.5,179.6,201.7,42.1,959.6,37.3,78.5,146.4,8.2,1,198,206.2,300.7,GANGETIC WEST BENGAL,1903,24.6,300.7,0
1383.1,17.5,241.7,0.1,23.9,0.1,435.3,286.7,24,1106.4,35.6,160.2,213.3,4.1,1,35.1,39.3,142.8,GANGETIC WEST BENGAL,1904,23.9,142.7,0.1
1666.9,84.9,263.6,5.2,49.6,30.9,525.5,70.9,80.5,1147.6,84.7,156.8,326.3,0,1,107.3,112.6,287.6,GANGETIC WEST BENGAL,1905,49.6,287.6,5.3
1395.6,1.1,264.6,0,123.6,46.8,307.1,172,170.4,936.9,53.3,81.3,135.7,12.5,1,140,152.6,193.2,GANGETIC WEST BENGAL,1906,123.6,193.2,0.1
1337,39.7,249.9,24.7,24.2,0.7,217.5,347.6,24.8,1047.3,94.9,92.3,226.9,0,1,13.3,38,232.3,GANGETIC WEST BENGAL,1907,24.1,232.3,24.7
1400,5.2,290.4,0,5.1,27,383.5,380.4,32.1,1229.2,1.9,109.9,117.1,0.2,1,21.3,21.5,174.9,GANGETIC WEST BENGAL,1908,5.1,174.9,0
1697.8,145.2,504.3,21.4,6.4,5.6,232.4,335,12.1,1344.8,0.6,97.2,242.9,1.3,1,75.3,98,273,GANGETIC WEST BENGAL,1909,6.5,273.1,21.4
1385.9,48.4,250.9,0,10.8,23,319.4,241.8,33.8,1021.8,9.4,101.7,159.4,0.2,1,170.7,170.9,209.6,GANGETIC WEST BENGAL,1910,10.8,209.7,0
1264.9,35.3,261.5,0,2.9,1.2,168.4,276.6,4.1,966.7,42.8,110.4,188.5,12.3,1,93.3,105.5,260.2,GANGETIC WEST BENGAL,1911,2.9,260.2,-0.1
1347.4,48.9,255,0,23.6,1.8,325.3,199.4,25.3,914,71.6,109.3,229.8,78.7,1,99.5,178.2,134.3,GANGETIC WEST BENGAL,1912,23.5,134.3,0
1826.8,12.8,290.3,9.8,110.7,4.1,367.7,512,114.8,1356.3,35.1,157,204.9,18.5,1,122.6,150.9,186.2,GANGETIC WEST BENGAL,1913,110.7,186.3,9.8
1383.9,56.4,218.8,16.4,31,0,400.8,192.8,31,998.8,21.8,230.9,309.2,0,1,28.5,44.9,186.4,GANGETIC WEST BENGAL,1914,31,186.4,16.4
1310.3,26.5,236.7,0.3,9.1,6.1,228.5,224.5,15.1,919,79.5,122.5,228.5,59,1,88.3,147.6,229.3,GANGETIC WEST BENGAL,1915,9,229.3,0.3
1600.5,58.3,320.5,0.1,2.1,0.6,148.9,378.5,2.7,1131.6,0.5,42.3,101.2,78.2,1,286.7,365,283.8,GANGETIC WEST BENGAL,1916,2.1,283.7,0.1
1775.8,29.4,259.9,0,33.6,0.4,321.8,366.8,34,1153.2,19.7,171.4,220.6,9.7,1,358.3,368,204.7,GANGETIC WEST BENGAL,1917,33.6,204.7,0
1395.4,81.1,366.8,3,0,1.3,194.2,374.6,1.4,1104.8,22.9,177.8,281.8,0.3,1,4.1,7.5,169.2,GANGETIC WEST BENGAL,1918,0.1,169.2,3.1
1482.2,61.8,385.9,0,19.3,41.9,299,306,61.3,1139.8,10.5,125.3,197.6,35.7,1,48,83.6,148.9,GANGETIC WEST BENGAL,1919,19.4,148.9,-0.1
1363.6,14.6,294.4,0,36.7,0.4,380.3,127.8,37.1,973.7,152.5,77,244.1,2.5,1,106.1,108.7,171.2,GANGETIC WEST BENGAL,1920,36.7,171.2,0.1
1300.2,57.4,382.1,0,10.1,36.5,279.6,238.4,46.6,1077.8,13.2,53.3,123.9,0,1,51.9,51.9,177.7,GANGETIC WEST BENGAL,1921,10.1,177.7,0
1655.6,22,400.8,1.4,3.1,7.4,269.7,553,10.5,1467.7,1.2,72.3,95.4,4.7,1,75.8,81.9,244.3,GANGETIC WEST BENGAL,1922,3.1,244.2,1.4
1285.2,22.1,405.6,1.2,92.2,0.1,330.8,154.3,92.3,1000.8,8.2,71.5,101.8,16.9,1,72.2,90.3,110.1,GANGETIC WEST BENGAL,1923,92.2,110.1,1.2
1266.5,38.5,260.7,0,5.3,8.2,308,181.2,13.5,1004.7,0.3,64.9,103.7,62.5,1,82.1,144.6,254.8,GANGETIC WEST BENGAL,1924,5.3,254.8,0
1273.6,78.9,211.2,0,14.8,10.7,305.7,171.8,25.5,847,28.4,106.2,213.5,3.1,1,184.5,187.6,158.4,GANGETIC WEST BENGAL,1925,14.8,158.3,0
1705.4,25.6,431.3,9.1,9.5,26.4,579.3,103.7,35.9,1358.1,111.3,85.5,222.4,0.9,1,78.9,89,243.7,GANGETIC WEST BENGAL,1926,9.5,243.8,9.2
1190.5,22.3,224.6,0,37.4,31.6,317.4,227.7,69,931.2,9.1,96.7,128.1,3.7,1,58.6,62.3,161.6,GANGETIC WEST BENGAL,1927,37.4,161.5,0
1625,51.3,325.1,0.1,3.2,12.8,428.1,427,15.9,1293.5,1.6,110.9,163.8,1.7,1,149.9,151.8,113.3,GANGETIC WEST BENGAL,1928,3.1,113.3,0.2
1557.3,41.8,297.3,31.4,13.2,42.8,398.6,208.1,56,1072.3,38.8,52.5,133.1,0,1,264.6,296,168.3,GANGETIC WEST BENGAL,1929,13.2,168.3,31.4
1380.8,18.6,307.3,1.1,12.1,1.8,410.7,186.9,13.8,1105,19.9,86.3,124.8,95.1,1,41.1,137.3,200.1,GANGETIC WEST BENGAL,1930,12,200.1,1.1
1475.8,22.7,286.7,0.9,74.6,2.2,368.5,157.2,76.8,1009.4,27.1,111.5,161.3,59,1,168.3,228.3,197,GANGETIC WEST BENGAL,1931,74.6,197,1
1306.9,31.9,259.6,0,12.9,0,297.5,151.1,12.9,885.9,5.1,196.6,233.6,110.2,1,64.2,174.4,177.7,GANGETIC WEST BENGAL,1932,12.9,177.7,0
1867.2,75.6,420.8,0.8,53.3,16.3,384.9,326.3,69.6,1398.9,3.7,171.6,250.9,2.1,1,144.8,147.7,266.9,GANGETIC WEST BENGAL,1933,53.3,266.9,0.8
1117.4,39.9,269.6,17.8,19.6,5.5,209,200,25.1,875.6,0.6,58.6,99,14.9,1,85,117.7,197.1,GANGETIC WEST BENGAL,1934,19.6,197,17.8
1015.1,34.6,298.9,1.6,26.3,12.1,233.1,163.4,38.3,866.5,30.8,33.6,99,0,1,9.6,11.2,171.1,GANGETIC WEST BENGAL,1935,26.2,171.1,1.6
1505.6,16.4,251.4,7.5,12.6,9.8,331.4,299.9,22.4,1136.6,20.3,223.8,260.5,4,1,74.7,86.1,253.9,GANGETIC WEST BENGAL,1936,12.6,253.9,7.4
1522.5,16.8,280.4,0.4,112.8,0,265.6,300.8,112.8,1142.5,8.6,130.3,155.8,1.9,1,109.2,111.4,295.7,GANGETIC WEST BENGAL,1937,112.8,295.7,0.3
1337.8,8.9,310.2,0,33.1,15.7,244.6,233.7,48.8,949.3,2.8,234.9,246.6,14.2,1,78.9,93.1,160.8,GANGETIC WEST BENGAL,1938,33.1,160.8,0
1698.4,20.2,450.9,0.8,23.1,2.4,420.2,250.5,25.5,1329.1,10.9,70.2,101.3,21.2,1,220.6,242.6,207.5,GANGETIC WEST BENGAL,1939,23.1,207.5,0.8
1358.5,18.3,384.3,2.8,30.3,0.1,236.2,218.1,30.3,1038.1,103.9,98.9,221.1,7.3,1,58.9,68.9,199.6,GANGETIC WEST BENGAL,1940,30.2,199.5,2.7
1801.1,27.6,396.5,0.4,0.4,29.3,404.3,376.1,29.7,1361.3,0.7,87.5,115.9,74.3,1,219.6,294.3,184.4,GANGETIC WEST BENGAL,1941,0.4,184.4,0.4
1615.6,52,406.9,0,16.7,1.2,374.9,144.5,18,1310.3,14.7,64.2,130.8,13.9,1,142.6,156.5,384.1,GANGETIC WEST BENGAL,1942,16.8,384,0
1446.2,85.4,320.5,0,25.7,39.4,418.5,209.5,65.1,1135.3,16.9,53.6,155.9,0,1,90,90,186.8,GANGETIC WEST BENGAL,1943,25.7,186.8,0
1406.4,44.8,477.4,0,24.4,60,349.8,147.5,84.3,1121.8,40.2,36.1,121.1,0.1,1,79.1,79.1,147,GANGETIC WEST BENGAL,1944,24.3,147.1,-0.1
1271.5,75.7,213.2,0.3,13.6,18,196.3,196.2,31.6,804.3,5.1,110.2,191,0.1,1,244.2,244.6,198.6,GANGETIC WEST BENGAL,1945,13.6,198.6,0.3
1714.2,131.5,374.2,0.2,4.2,0,297.4,247.4,4.2,1224.3,11.3,117.6,260.4,28.3,1,196.8,225.3,305.3,GANGETIC WEST BENGAL,1946,4.2,305.3,0.2
1363,18.4,292,33.5,13.1,3.4,348.9,172.7,16.5,1050.9,43.3,104,165.7,0.5,1,95.9,129.9,237.4,GANGETIC WEST BENGAL,1947,13.1,237.3,33.5
1532.1,52.6,323.6,0,44.9,13.2,268.4,200.4,58.1,1006.8,48.4,135.9,236.9,113.6,1,116.7,230.3,214.3,GANGETIC WEST BENGAL,1948,44.9,214.4,0
1493.7,114.7,285.5,0,3,6.8,325,214.5,9.8,1034.8,33.5,188.9,337.2,1.3,1,110.5,111.8,209.8,GANGETIC WEST BENGAL,1949,3,209.8,0
1615.6,14.1,373.3,0,6.5,0,338.8,371.1,6.5,1259.5,25.9,101.2,141.2,115.2,1,93.3,208.5,176.4,GANGETIC WEST BENGAL,1950,6.5,176.3,0
1214,13.1,260.3,0.4,0.4,0,253.5,180.7,0.4,894.5,62.1,67.4,142.7,36,1,140,176.5,200.1,GANGETIC WEST BENGAL,1951,0.4,200,0.5
1395.7,99.7,244.7,0,1.1,0.3,431,167.4,1.4,1032.2,23.3,77,199.9,2.5,1,159.6,162.1,189.1,GANGETIC WEST BENGAL,1952,1.1,189.1,0
1505.8,13.6,343.1,0,14.1,25.8,358.3,311.1,39.9,1291,4.8,61.9,80.3,38.6,1,56,94.6,278.5,GANGETIC WEST BENGAL,1953,14.1,278.5,0
1080,11.6,215.1,28,5.9,12.3,201.7,211.1,18.2,875,0.3,88.6,100.5,1.5,1,56.8,86.3,247.1,GANGETIC WEST BENGAL,1954,5.9,247.1,28
1268.2,24.3,251.9,0.1,2.3,2.9,338.8,174.7,5.2,953.4,11.4,48,83.8,73.9,1,151.9,225.9,188.1,GANGETIC WEST BENGAL,1955,2.3,188,0.1
1714.2,25.6,295.4,3.9,33.9,4.5,253.9,343.3,38.3,1283.7,50.7,141.6,217.9,12.7,1,157.6,174.2,391.1,GANGETIC WEST BENGAL,1956,33.8,391.1,3.9
1130.5,6,201.1,0,26.6,50.2,312.1,231.8,76.8,984.4,8.7,16.4,31.1,0.1,1,38.2,38.3,239.4,GANGETIC WEST BENGAL,1957,26.6,239.4,0
1151.1,37.9,215.1,0,25.6,12.7,280.1,95.2,38.4,885.1,13.3,58.3,109.5,8.9,1,109.3,118.2,294.7,GANGETIC WEST BENGAL,1958,25.7,294.7,0
1812.9,28.2,328.5,0.4,12.7,33.5,273.3,208.5,46.3,1297.7,17.3,91.4,137,0.3,1,331.2,332,487.3,GANGETIC WEST BENGAL,1959,12.8,487.4,0.5
1245.5,0.9,317.4,0,1.4,0.6,336.5,117.5,2,1017.7,30.9,122.3,154.2,0.6,1,71.1,71.6,246.3,GANGETIC WEST BENGAL,1960,1.4,246.3,-0.1
1290.4,13.6,252.8,0.1,75.8,11.1,171.4,275,86.8,990.1,6.8,91.2,111.6,0.8,1,101,101.9,290.9,GANGETIC WEST BENGAL,1961,75.7,290.9,0.1
1173.6,54.5,209.3,0.1,13.1,8.8,241.1,185.6,21.9,869.7,6,80.3,140.9,0,1,141,141.1,233.6,GANGETIC WEST BENGAL,1962,13.1,233.7,0.1
1289.5,61.6,167.1,0.5,2.4,0.4,277.6,258.8,2.7,974.4,5.7,103.6,170.9,9.5,1,131.5,141.5,270.9,GANGETIC WEST BENGAL,1963,2.3,270.9,0.5
1278.5,58.3,211.3,0,11.1,2.7,404.2,136.2,13.8,971.6,18,84.7,161.1,8,1,124,132,219.9,GANGETIC WEST BENGAL,1964,11.1,219.9,0
1263.7,32.8,287,0.2,33.9,0.3,289.6,227.6,34.2,1024.5,46.5,45.3,124.5,0.3,1,80.1,80.5,220.3,GANGETIC WEST BENGAL,1965,33.9,220.3,0.1
1118.7,18.3,236.6,6.3,4.4,33.1,168.7,296,37.5,888.5,5.1,43.4,66.8,34.7,1,84.9,125.9,187.2,GANGETIC WEST BENGAL,1966,4.4,187.2,6.3
1348.4,65.3,368.8,1.4,3.3,52.5,247.8,131.6,55.8,1074.4,44.9,53,163.2,1.3,1,52.3,55,326.2,GANGETIC WEST BENGAL,1967,3.3,326.2,1.4
1597.7,12.6,472.2,0.6,7.6,5.7,418.2,368.8,13.3,1374.3,7.7,35.5,55.7,37.8,1,115.9,154.3,115.2,GANGETIC WEST BENGAL,1968,7.6,115.1,0.6
1404,80.2,418,0.2,5.1,4.7,276.2,139.8,9.9,1134.9,20.9,89,190.1,23.2,1,45.9,69.3,300.9,GANGETIC WEST BENGAL,1969,5.2,300.9,0.2
1648.5,16.8,219.8,0,15.1,10.8,285,323.2,25.9,1300.7,30.8,63.5,111.1,15.8,1,195,210.9,472.6,GANGETIC WEST BENGAL,1970,15.1,472.7,0.1
2099.8,174.2,573.4,0,14.2,30.6,472.5,260.3,44.8,1559,4.8,122.1,301.1,31.4,1,163.5,194.9,252.8,GANGETIC WEST BENGAL,1971,14.2,252.8,0
1333.2,16.4,543.2,0,43.1,2.8,288.3,125.9,45.8,1179.9,4.1,25.1,45.6,2.1,1,59.7,61.8,222.5,GANGETIC WEST BENGAL,1972,43,222.5,0
1735.2,26,335,23.9,8.9,1.3,304.9,204.2,10.2,1245.7,67.6,134.2,227.8,20.9,1,206.6,251.5,401.6,GANGETIC WEST BENGAL,1973,8.9,401.6,24
1470.7,29.8,317.1,0,0,3.6,438.5,96.4,3.6,1114.6,83.1,94.5,207.5,4.6,1,140.3,144.9,262.7,GANGETIC WEST BENGAL,1974,0,262.6,0
1466.2,38.1,331.1,0,18.7,9.9,364.9,156.6,28.6,1138.9,10.6,65.8,114.5,42.6,1,141.6,184.2,286.3,GANGETIC WEST BENGAL,1975,18.7,286.3,0
1240.6,47.5,279.6,0.6,32.8,0,296.6,148.9,32.8,922.6,20.7,133.1,201.3,31.2,1,52.1,83.8,197.5,GANGETIC WEST BENGAL,1976,32.8,197.5,0.5
1840.6,89.9,329.4,35.5,24.2,11.7,450.9,409.4,35.9,1361,7.3,176.4,273.6,48,1,86.6,170.1,171.3,GANGETIC WEST BENGAL,1977,24.2,171.3,35.5
1872.5,49.8,349.1,6.4,21.2,1.4,274.1,253,22.6,1467.9,50.5,116.3,216.5,10.3,1,148.8,165.5,591.8,GANGETIC WEST BENGAL,1978,21.2,591.7,6.4
1157.9,28,229.6,20.4,27.3,16,296.4,282.9,43.3,975.9,8.4,22.3,58.7,11.5,1,48,79.9,167,GANGETIC WEST BENGAL,1979,27.3,167,20.4
1521,21.8,243.3,0.4,22.6,15.5,403.2,303.6,38.1,1131.2,60.9,109.9,192.7,0,1,158.6,159.1,181,GANGETIC WEST BENGAL,1980,22.6,181.1,0.5
1909,110.8,327.7,72.8,63.9,13.7,417.7,321.4,77.6,1316.7,64.8,250.9,426.5,3.8,1,11.6,88.2,250,GANGETIC WEST BENGAL,1981,63.9,249.9,72.8
1111,70.9,308.9,0,35.8,2.4,224.5,196,38.2,830.4,87.2,37.1,195.2,17.9,1,29.2,47.1,101.1,GANGETIC WEST BENGAL,1982,35.8,101,0
1463.6,44.2,365.4,13.6,39.2,9.1,207.6,188.9,48.2,1009.4,47,132.5,223.7,1.1,1,167.6,182.3,247.4,GANGETIC WEST BENGAL,1983,39.1,247.5,13.6
1831.7,46.6,442.2,0,2.6,19.1,332.7,597.1,21.7,1568.4,0.6,82.6,129.8,0,1,111.8,111.8,196.4,GANGETIC WEST BENGAL,1984,2.6,196.4,0
1413.4,24.1,340.6,0,22,10.9,286.3,280.4,32.9,1109.1,8.8,99.6,132.4,1.8,1,137.2,139,201.8,GANGETIC WEST BENGAL,1985,22,201.8,0
1791,48.5,181.2,20.6,6.3,9.6,313.4,227.9,15.9,1244.8,7.1,146.1,201.7,106.4,1,201.5,328.5,522.2,GANGETIC WEST BENGAL,1986,6.3,522.3,20.6
1591.5,76.6,473,7.7,7.1,1.8,427.4,146.9,8.9,1309.9,18.9,91.7,187.2,43.7,1,34.1,85.5,262.6,GANGETIC WEST BENGAL,1987,7.1,262.6,7.7
1681.5,45.3,292.6,0.5,22.9,1.7,299.9,508.8,24.6,1308.4,53.5,109.3,208.1,39.5,1,100.4,140.4,207.1,GANGETIC WEST BENGAL,1988,22.9,207.1,0.5
1626.3,5.4,291.4,18.3,4.9,0.4,414.5,318.2,5.3,1308.3,6.1,173.6,185.1,3.7,1,105.5,127.5,284.2,GANGETIC WEST BENGAL,1989,4.9,284.2,18.3
1961.3,79.3,236.3,3.5,62.2,2.2,520.2,268.2,64.4,1325.4,119,147.6,346,47.9,1,174.2,225.6,300.7,GANGETIC WEST BENGAL,1990,62.2,300.7,3.5
1609.1,34.5,331.3,67.5,11.4,27.8,381.2,257.4,39.2,1219,41.7,66.1,142.2,15.6,1,125.6,208.7,249.2,GANGETIC WEST BENGAL,1991,11.4,249.1,67.5
1414.6,25,254.1,0.2,49.5,14,407.6,239.9,63.5,1128.3,0.1,127,152.1,4.4,1,66.2,70.7,226.6,GANGETIC WEST BENGAL,1992,49.5,226.7,0.1
1759.7,78.6,357.7,0,3.8,0.3,280,328.5,4,1387.6,40.8,116.2,235.6,38.2,1,94.2,132.5,421.4,GANGETIC WEST BENGAL,1993,3.7,421.4,0.1
1530.8,63.7,294.4,0,48.8,23.8,426.1,310.1,72.6,1196.8,7.3,98,169,9.6,1,82.9,92.5,166.1,GANGETIC WEST BENGAL,1994,48.8,166.2,0
1936,10.1,413,6.2,30.1,20.2,401.1,185.4,50.3,1411,8.7,202.9,221.7,160.5,1,86.4,253.1,411.5,GANGETIC WEST BENGAL,1995,30.1,411.5,6.2
1504,39.2,472,0,13.2,11,251.3,336,24.2,1202.7,10.4,67.5,117,4.1,1,155.9,160,143.5,GANGETIC WEST BENGAL,1996,13.2,143.4,0
1657.7,101.8,387.3,24.9,23.6,18.7,437.3,219.6,42.3,1288.1,44.2,98.2,244.1,30.5,1,27.8,83.1,244,GANGETIC WEST BENGAL,1997,23.6,243.9,24.8
1632.7,53,265.7,0,31,52.9,295.2,154.3,83.9,1011.5,128.8,87.1,268.9,77.1,1,191.4,268.4,296.3,GANGETIC WEST BENGAL,1998,31,296.3,-0.1
1957,10.5,375.4,0,0.7,0.1,405.2,268.8,0.8,1517.2,1.6,217.9,230,13.7,1,195.3,209,467.8,GANGETIC WEST BENGAL,1999,0.7,467.8,0
1572.1,54,178.4,0.1,57.9,9.5,341.5,205.6,67.4,1153.9,3.8,215,272.8,1.6,1,76.2,77.9,428.4,GANGETIC WEST BENGAL,2000,57.9,428.4,0.1
1540.6,49.4,248.7,0,1.9,0.3,269.3,384.2,2.2,1108,32.8,175.8,258,8.8,1,163.6,172.4,205.9,GANGETIC WEST BENGAL,2001,1.9,205.8,0
1613.3,77.4,289.3,0.1,1.5,26.3,281.6,347.7,27.8,1244.9,26.6,114.1,218.1,50.9,1,71.5,122.5,326.4,GANGETIC WEST BENGAL,2002,1.5,326.3,0.1
1496.7,36.3,239.3,17.7,11.7,0.5,253.4,280.5,12.2,928.2,70,81.9,188.2,8.9,1,341.5,368.1,155,GANGETIC WEST BENGAL,2003,11.7,155,17.7
1569.4,62.8,389.9,0.8,1.6,3.3,250.7,287.5,4.9,1192.3,14.9,72.9,150.7,0,1,220.7,221.5,264.3,GANGETIC WEST BENGAL,2004,1.6,264.2,0.8
1604.9,41.8,226.7,4.9,11.8,26.8,354.5,200.1,38.6,1002.6,82.8,82.4,207,0,1,351.7,356.6,221.3,GANGETIC WEST BENGAL,2005,11.8,221.3,4.9
1660.5,60.5,320.3,0.3,3,0.8,486.6,221,3.9,1408.8,10.6,120.8,191.9,5.9,1,49.7,55.9,380.9,GANGETIC WEST BENGAL,2006,3.1,380.9,0.3
1941.4,38.7,328,0,56.2,3.9,610.1,226.3,60.1,1624.2,39.3,98.7,176.7,24.6,1,55.8,80.4,459.9,GANGETIC WEST BENGAL,2007,56.2,459.8,0
1555.2,42.8,252.2,0.2,12.4,49.4,338.4,414.5,61.8,1272.3,11.5,94.4,148.8,0,1,72.3,72.4,267.3,GANGETIC WEST BENGAL,2008,12.4,267.2,0.1
1315,2.6,332.7,0.3,1.4,2.4,277.6,69.7,3.8,974.6,17.9,229,249.5,9.4,1,77.3,87.1,294.6,GANGETIC WEST BENGAL,2009,1.4,294.6,0.4
1064.8,15.9,192.6,29.7,10.3,0.2,196.3,189.3,10.5,770.7,8,127.5,151.3,6.3,1,96.2,132.2,192.6,GANGETIC WEST BENGAL,2010,10.3,192.5,29.7
1686.5,75,443.2,1.4,2.7,2.5,219.9,434.5,5.2,1393.6,40.5,132.6,248.1,1.3,1,36.9,39.6,295.9,GANGETIC WEST BENGAL,2011,2.7,296,1.4
1268,57.7,261.4,24.6,15.3,40.7,315,146.6,56,969.9,4.4,44.2,106.3,47,1,64.2,135.8,246.9,GANGETIC WEST BENGAL,2012,15.3,246.9,24.6
1764.1,45.6,401.4,0,10,2.5,263.2,233.4,12.5,1152,4.8,195.9,246.3,0,1,353.2,353.3,254,GANGETIC WEST BENGAL,2013,10,254,0.1
1261.4,1.9,292.6,0.6,42.2,0.9,298.7,193.6,43.1,1014.4,19.9,124.4,146.2,0.1,1,56.9,57.7,229.5,GANGETIC WEST BENGAL,2014,42.2,229.5,0.7
1530.3,88.7,260.6,6.3,5.5,12.9,633.1,247.2,18.4,1304.9,19.3,57.6,165.6,2.3,1,32.7,41.3,164,GANGETIC WEST BENGAL,2015,5.5,164,6.3
1284.2,51.6,307.7,0,65.1,39.5,288.4,78.2,104.6,859.6,16.1,79,146.7,96.7,1,76.6,173.3,185.3,ORISSA,1901,65.1,185.3,0
1349,101.1,349.1,29.6,0.2,3.4,437.4,108.3,3.5,1097.6,14.2,56.7,172.1,13,1,33.2,75.8,202.7,ORISSA,1902,0.1,202.8,29.6
1568.3,34.6,295.2,11,18.9,19.7,410.4,154.3,38.6,1125.5,10.5,73.3,118.5,46.2,1,228.5,285.7,265.6,ORISSA,1903,18.9,265.6,11
1514.8,10.1,350.4,1.9,12.2,0.2,336.7,342.9,12.4,1257.8,20.6,100.2,130.9,0,1,111.8,113.7,227.8,ORISSA,1904,12.2,227.8,1.9
1357.3,56.9,281.4,0.4,17.2,24.3,330.1,92,41.5,1047.6,66.3,107.5,230.7,0.7,1,36.4,37.5,344.1,ORISSA,1905,17.2,344.1,0.4
1408.2,5,261.8,27.4,88.3,19.8,348.8,219,108.1,1081.3,40.9,46.3,92.2,13,1,86.2,126.7,251.7,ORISSA,1906,88.3,251.7,27.5
1447.1,105.1,531.8,31.2,16.9,0.1,203.9,226.3,17,1166.8,57.4,39.8,202.3,14,1,15.9,61.1,204.8,ORISSA,1907,16.9,204.8,31.2
1430.6,9.9,507.3,0,0.6,36.2,327.2,218.7,36.8,1267.1,12.2,59.3,81.4,0,1,45.3,45.3,213.9,ORISSA,1908,0.6,213.9,0
1535.5,148.4,234.3,58.1,11.9,5.7,452.7,288.2,17.7,1209.2,4.8,53.1,206.3,1.8,1,42.3,102.2,234,ORISSA,1909,12,234,58.1
1598.5,52.7,368.7,0,0.6,10.6,381.8,258.8,11.2,1247.1,2.1,60.6,115.5,8.5,1,216.2,224.7,237.9,ORISSA,1910,0.6,237.8,0
1417.3,18.6,406.2,5.9,2.7,0,172.2,351.6,2.7,1200,26.2,56.6,101.4,15,1,92.3,113.2,270,ORISSA,1911,2.7,270,5.9
1397.2,49.3,405.6,0,62.5,1,388.4,113,63.5,1123.4,10.4,39.6,99.3,46.5,1,64.5,111,216.4,ORISSA,1912,62.5,216.4,0
1544.3,12.3,356.4,1.7,56.3,1.2,448,230,57.5,1200.7,9.6,87.1,108.9,25.7,1,149.7,177.1,166.3,ORISSA,1913,56.3,166.3,1.7
1598.5,64.6,309.7,6.8,20.2,0,397.7,255.8,20.2,1305.3,12.7,175,252.3,1,1,12.9,20.7,342.2,ORISSA,1914,20.2,342.1,6.8
1437.1,25.2,313,0,21.4,15.4,239.4,165.1,36.9,988.3,37.3,74.5,137.1,125.6,1,149.2,274.8,270.8,ORISSA,1915,21.5,270.8,0
1479.4,33.8,334.7,0,4.9,0,250.7,339.6,5,1122.5,0.8,45.5,80.1,55.8,1,216.1,271.9,197.6,ORISSA,1916,5,197.5,0
1850.1,26,319.4,0.3,68.5,0,319,336.3,68.5,1255.4,24,95.1,145.2,16.4,1,364.4,381.1,280.6,ORISSA,1917,68.5,280.7,0.3
1297.4,28.5,324.8,3.6,0.3,10.8,216.5,363.3,11.1,1094.7,19.3,127.7,175.5,5.1,1,7.5,16.1,190.1,ORISSA,1918,0.3,190.1,3.5
1758.1,30.2,492.2,2.8,56.6,59.8,354.7,332.3,116.4,1317.6,29.5,72,131.7,99.7,1,89.8,192.4,138.3,ORISSA,1919,56.6,138.4,2.9
1402.6,26.9,303.9,0,18.2,3.3,561.4,173.2,21.5,1205.8,50.7,51.2,128.8,1.6,1,44.9,46.5,167.2,ORISSA,1920,18.2,167.3,0
1324,26.4,289.1,0,1.1,48.7,321.9,210.2,49.7,1159.4,1.7,19.5,47.7,4.4,1,62.9,67.2,338.2,ORISSA,1921,1,338.2,-0.1
1466.5,13.9,295.4,0.1,0.2,20,431.8,247,20.2,1302.9,1.9,46.6,62.4,30,1,50.9,81,328.8,ORISSA,1922,0.2,328.7,0.1
1258.6,17.1,333,4.7,66.3,0.2,288.7,106.7,66.4,939,9.6,34.4,61.1,74.8,1,112.6,192.1,210.5,ORISSA,1923,66.2,210.6,4.7
1263.4,15.7,312.4,0,5.9,30.2,228.5,95.3,36.1,868.1,1.3,83.9,100.8,152.3,1,106,258.3,232,ORISSA,1924,5.9,231.9,0
1807.8,52.2,429.9,10.7,0,2,433.7,353.5,2,1418.6,6,111.8,170,4.8,1,201.8,217.2,201.5,ORISSA,1925,0,201.5,10.6
1535.8,34.1,565.3,2.6,11.3,34.8,296.5,71.7,46.1,1222.4,83.2,59.2,176.5,0,1,88.1,90.7,288.9,ORISSA,1926,11.3,288.9,2.6
1525.5,12.6,431.5,0,27.2,3,454.5,241.8,30.2,1308.8,8.1,51.6,72.2,22.1,1,92.2,114.3,181,ORISSA,1927,27.2,181,0
1585.6,62.8,266.1,0.6,4.6,4.6,468.8,266.7,9.3,1228.2,6.3,68.8,137.9,1.7,1,208,210.3,226.5,ORISSA,1928,4.7,226.6,0.6
1637.8,25,423.4,15.3,18.8,18,525,193.4,36.8,1332.7,4.5,37.8,67.2,0,1,185.7,201.1,190.9,ORISSA,1929,18.8,190.9,15.4
1446.4,33.4,333.7,2.7,12.1,0.2,357.5,177.5,12.4,1156.3,9.9,38,81.4,143.1,1,50.5,196.3,287.5,ORISSA,1930,12.2,287.6,2.7
1477.2,18.6,511,0.4,36.8,7.4,239.9,108,44.2,1055.9,20.7,44.3,83.6,59.5,1,233.4,293.4,197,ORISSA,1931,36.8,197,0.5
1440.2,26.9,271,0,34,0.2,474.7,116.5,34.3,1108.6,9.9,67.4,104.1,136,1,57.3,193.3,246.3,ORISSA,1932,34.1,246.4,0
1851,25.5,448.6,11.1,57.4,17.8,404.8,288.6,75.2,1436.7,7.9,136.5,169.9,20,1,138.1,169.2,294.7,ORISSA,1933,57.4,294.7,11.1
1488.9,11,425.4,3.3,1.4,0.1,371.8,230.6,1.5,1327.9,4.2,21,36.2,17.4,1,102.6,123.3,300.1,ORISSA,1934,1.4,300.1,3.3
1219.4,42.1,212.8,2.3,10.2,1.1,531.3,135.5,11.3,1117.5,12.4,16.2,70.7,0.1,1,17.5,19.9,237.8,ORISSA,1935,10.2,237.9,2.3
1876,7.9,384.9,5.5,42.9,16.8,360.1,477.6,59.7,1469.9,11.7,155.3,174.9,11.5,1,154.4,171.4,247.3,ORISSA,1936,42.9,247.3,5.5
1567.3,66.9,290,0.3,89,0,430.6,235.2,89,1241.6,28.4,64.9,160.2,0.8,1,75.5,76.5,285.8,ORISSA,1937,89,285.8,0.2
1441.6,14.5,339.8,0,16.8,11,267.2,229.6,27.8,1063,14,119.6,148.1,23.7,1,179,202.7,226.4,ORISSA,1938,16.8,226.4,0
1563.4,26.3,410.1,2.8,10.9,8.1,411.9,196.9,18.9,1260.9,34.9,19.1,80.2,19.3,1,181.2,203.3,242.1,ORISSA,1939,10.8,242,2.8
1687.7,29.1,395.9,10.5,35.3,0,532.6,286.2,35.3,1348,70.1,133.1,232.3,3.3,1,58.3,72.1,133.3,ORISSA,1940,35.3,133.3,10.5
1435.2,14.5,272.4,0.1,1.4,28.3,356.5,288.2,29.7,1103,8.2,62.3,85,61.5,1,155.9,217.5,186,ORISSA,1941,1.4,185.9,0.1
1448.3,37.6,379.8,0.1,18.6,4.7,423.8,156.8,23.4,1216.9,2.5,29.6,69.8,75.4,1,62.7,138.3,256.4,ORISSA,1942,18.7,256.5,0.2
1586.5,68.9,382.9,0,4.1,63.9,413.3,200.3,68,1291.2,11.9,54.6,135.3,20.1,1,71.8,92,294.7,ORISSA,1943,4.1,294.7,0.1
1608.1,46.7,415.9,0,72.9,35.1,491.4,121.9,108,1180.6,75.3,32.9,154.8,8.7,1,155.9,164.6,151.5,ORISSA,1944,72.9,151.4,0
1538.6,50.6,270.3,10.4,4.7,20.3,387.1,152.6,25,1215.9,0.1,58,108.7,2.5,1,176.1,189,405.9,ORISSA,1945,4.7,405.9,10.4
1614.9,104.2,399.2,0.3,2.6,0,345.5,249.7,2.6,1242.3,5.2,83.7,193.1,33.3,1,143.2,176.8,248,ORISSA,1946,2.6,247.9,0.3
1410.9,17.3,374.9,61.3,19.3,21.8,341.5,210.9,41.1,1100.7,14.7,38.5,70.4,10.3,1,127.1,198.6,173.3,ORISSA,1947,19.3,173.4,61.2
1333.8,28.5,312.4,0.2,36.1,14,289.4,164.8,50.1,1024.1,13.5,60.7,102.7,74.2,1,82.5,156.9,257.6,ORISSA,1948,36.1,257.5,0.2
1348.9,35.1,307.1,0,3.1,0.9,248.9,140.7,4,999.8,8.7,78.1,121.8,1.1,1,222.1,223.3,303.1,ORISSA,1949,3.1,303.1,0.1
1392.8,7.7,327.4,0,21.2,0,326.9,199.4,21.2,1051.6,69.7,49.4,126.8,138.1,1,55.1,193.2,197.9,ORISSA,1950,21.2,197.9,0
1396.2,37.1,349.5,0,0,2.2,339.1,172.5,2.2,1026.6,89.7,48,174.8,37.1,1,155.6,192.6,165.5,ORISSA,1951,0,165.5,-0.1
1516.7,53.2,352,1.1,9.5,0.3,356.4,187.1,9.8,1203.4,26.2,44.4,123.7,2.2,1,176.6,179.9,307.9,ORISSA,1952,9.5,307.9,1.1
1437.7,13.8,512.1,0,5.9,39.9,318.9,182.8,45.8,1245.3,0.2,23.7,37.7,49.8,1,59.2,109,231.5,ORISSA,1953,5.9,231.5,0
1208,19.2,271.9,14.2,6.2,0.6,211.7,163.2,6.8,990.8,8.6,50.2,78.1,0,1,118.2,132.4,344,ORISSA,1954,6.2,344,14.2
1597,29.6,355.9,0.3,0.2,0.1,238,201.7,0.3,1167,8.4,76.5,114.4,52.3,1,262.7,315.3,371.4,ORISSA,1955,0.2,371.4,0.3
1885.4,11.9,434.5,0,37.9,1.4,470,345.2,39.3,1499.5,18.2,118.1,148.2,6.7,1,191.7,198.4,249.8,ORISSA,1956,37.9,249.8,0
1277.5,12.4,415.4,0,26.6,12.3,349.2,153.5,39,1112.7,30.4,33.6,76.3,0.1,1,49.5,49.6,194.5,ORISSA,1957,26.7,194.6,0
1624,32.8,319.1,0.1,42.8,11.5,404.1,125.2,54.3,1212.6,16,39,87.8,51.8,1,217.4,269.3,364.2,ORISSA,1958,42.8,364.2,0.1
1495.9,22.2,341.6,2.7,2.4,28.5,357.4,202.7,30.9,1218.2,2.7,47.1,72.1,1.5,1,170.5,174.7,316.5,ORISSA,1959,2.4,316.5,2.7
1593,12.4,461.7,13.9,0.8,5.4,444.1,211.4,6.2,1331.8,51.6,42.7,106.8,3.6,1,130.8,148.2,214.6,ORISSA,1960,0.8,214.6,13.8
1945.3,15.9,327.9,2.7,116.2,15.9,406.2,324.8,132.1,1542.1,3.2,59.7,78.9,11.3,1,178.2,192.2,483.2,ORISSA,1961,116.2,483.2,2.7
1346.5,35.9,263.2,4.7,5.1,8.3,379,192.7,13.4,1072.2,19.8,34.1,89.8,2.5,1,164,171.2,237.3,ORISSA,1962,5.1,237.3,4.7
1562,47,361.9,2,6.9,0.2,310.6,218.7,7,1198.1,9.1,90,146.1,3.9,1,204.9,210.8,306.9,ORISSA,1963,6.8,306.9,2
1354.7,33.2,427.9,0,28.3,1.7,372.4,142.5,30,1138.3,11.9,48.8,94,8.2,1,84.1,92.3,195.5,ORISSA,1964,28.3,195.5,0
1174.7,37.9,187.3,1,17.3,10.6,392.9,123.1,27.8,926.2,59.1,37.6,134.7,1,1,83.9,85.9,222.9,ORISSA,1965,17.2,222.9,1
1286.8,28,211,10.9,3.6,49.9,340.2,306.3,53.5,1013.4,0.9,37.9,66.8,63.4,1,78.9,153.2,155.9,ORISSA,1966,3.6,155.9,10.9
1427.5,40.9,340.7,10.7,0.4,70.9,315.3,233.3,71.4,1171,87.7,25.7,154.3,1.8,1,18.3,30.8,281.8,ORISSA,1967,0.5,281.7,10.7
1464.1,26.5,335.4,0.7,29.7,33.4,311.6,186.7,63.1,1070.3,20.7,45.7,92.9,45.5,1,191.6,237.8,236.6,ORISSA,1968,29.7,236.6,0.7
1283.2,27.3,293.5,6.4,1,0.7,432.5,158.6,1.7,1082.3,4,80.7,112.1,38.9,1,41.8,87.1,197.7,ORISSA,1969,1,197.7,6.4
1412.3,32.3,348.8,0.2,27.5,4.6,307.8,307.9,32.1,1170.5,47.2,60.8,140.2,2.4,1,66.9,69.5,205.9,ORISSA,1970,27.5,206,0.2
1596.8,76.9,411,0,23.5,16.1,290.9,290.8,39.6,1164.2,1.9,82.2,161,2.1,1,229.9,232.1,171.5,ORISSA,1971,23.5,171.5,0.1
1324.9,25.9,383.4,0.3,22,0,333.9,133.9,22,1133.8,2.6,16.3,44.8,40.9,1,83.1,124.4,282.7,ORISSA,1972,22,282.6,0.4
1573.5,8.7,380.9,13,5.7,1.7,434.9,103.2,7.3,1185.4,33.4,67.5,109.7,13.3,1,244.7,271,266.5,ORISSA,1973,5.6,266.4,13
987,12.1,306.5,0,1.3,0,223.3,128.9,1.3,790.4,27.4,44.8,84.3,8,1,103,111.1,131.7,ORISSA,1974,1.3,131.7,0.1
1392,18.2,437,0.3,17.7,1.8,279.5,193.3,19.5,1161.4,21.5,18.4,58.1,17.5,1,135.1,153,251.7,ORISSA,1975,17.7,251.6,0.4
1178.8,25.9,374.1,2.4,10.1,0,347.8,108.1,10.1,1002.5,10.5,57.9,94.3,32.8,1,36.8,72,172.6,ORISSA,1976,10.1,172.5,2.4
1477.9,50.7,335.7,9.4,5,4.9,355.4,181.4,9.9,1129.1,5.4,124.9,181.1,87,1,61.5,157.8,256.6,ORISSA,1977,5,256.6,9.3
1439,28.7,462.1,9.8,31,4,336.2,183.5,35,1180.8,45.3,37.4,111.5,21.8,1,80.1,111.7,199,ORISSA,1978,31,199,9.8
995.9,22.7,251.8,7.4,14.9,6.7,240.2,198.5,21.5,862.2,3.2,25.1,50.9,7.3,1,46.5,61.2,171.7,ORISSA,1979,14.8,171.7,7.4
1462.9,23.2,228.1,5.2,9.2,10.8,367.6,325.5,20,1223.3,41.7,59.9,124.8,3,1,86.6,94.8,302.1,ORISSA,1980,9.2,302.1,5.2
1295.7,45.7,348.1,6.5,13.6,25.8,238.3,189.2,39.4,1032.7,67.1,85,197.8,0.4,1,18.8,25.7,257.1,ORISSA,1981,13.6,257.1,6.5
1258.5,51.8,466.4,0,32.3,5.5,223.2,191.4,37.8,1010.7,80.1,38.2,170.1,6.1,1,33.8,39.8,129.8,ORISSA,1982,32.3,129.7,-0.1
1432,47.6,379.5,5,55,1.9,273.1,153,56.9,1130.1,22.1,67.6,137.3,2,1,100.7,107.7,324.6,ORISSA,1983,55,324.5,5
1377.6,46,422.3,0.3,6.7,9.3,369.5,302.6,16,1221.8,3.4,34.6,84.1,0,1,55.4,55.7,127.3,ORISSA,1984,6.7,127.4,0.3
1607.3,16.4,460.9,0,35,24.2,305.7,195.4,59.2,1297.2,4.7,52.9,74,1.1,1,175.8,176.9,335.2,ORISSA,1985,35,335.2,0
1560,41.9,301.8,17,35.8,25.8,348.7,291.7,61.6,1125.2,12.6,74.5,129.1,92.2,1,134.9,244.1,183,ORISSA,1986,35.8,183,17
1097.6,30.3,190.3,1.7,3.6,10.6,338.8,112.3,14.1,791.6,18.4,55.3,104,102.3,1,83.9,187.9,150.2,ORISSA,1987,3.5,150.2,1.7
1306.9,55.1,268.6,0,49.4,0.1,286.1,247.9,49.5,1055.1,23.7,58.9,137.7,1.6,1,63,64.6,252.5,ORISSA,1988,49.4,252.5,0
1299.7,5,369.9,1.7,0.1,0,271.7,332.5,0.1,1170.2,12.9,81.2,99.2,0,1,28.6,30.2,196.1,ORISSA,1989,0.1,196.1,1.6
1905,57.3,371.4,1,50,0.4,282.9,237.2,50.3,1152.3,89.8,178.1,325.2,130.7,1,245.6,377.2,260.7,ORISSA,1990,49.9,260.8,0.9
1472.8,29.6,439,7.3,2.8,20,458.5,149.5,22.8,1228.6,21.8,36.2,87.7,32.9,1,93.5,133.7,181.5,ORISSA,1991,2.8,181.6,7.3
1329.5,16.1,385.1,0,16.9,6.1,394.9,177.2,23,1149.1,1.7,66,83.8,9.9,1,63.7,73.6,191.8,ORISSA,1992,16.9,191.9,0
1448,56.1,327,0,1.3,0,328.5,257.5,1.3,1200.9,11.4,82.2,149.6,7.5,1,88.7,96.2,287.9,ORISSA,1993,1.3,287.9,0
1744.6,48.1,463.9,0.1,28.6,4.1,474,299.4,32.6,1529.9,6.2,46.3,100.6,12.3,1,69.1,81.5,292.6,ORISSA,1994,28.5,292.6,0.1
1614,23.6,316.6,1.3,17.6,50.1,322.6,112.3,67.7,954.3,21.1,293,337.7,103.4,1,149.7,254.3,202.7,ORISSA,1995,17.6,202.8,1.2
1061.8,28.1,319.4,0.9,10.1,14.6,264.8,211.9,24.8,909.3,11.7,28.6,68.4,8.4,1,49.9,59.3,113.2,ORISSA,1996,10.2,113.2,1
1504.5,77.8,479.9,58.8,5.3,17.9,303.4,197.6,23.2,1215.5,31.9,33,142.7,27.4,1,37,123.2,234.6,ORISSA,1997,5.3,234.6,58.8
1357.1,43.4,203.5,0,28.3,31.5,277.6,176.4,59.8,934.8,52.4,53.4,149.1,73.8,1,139.6,213.4,277.3,ORISSA,1998,28.3,277.3,0
1484.3,3.2,325.9,0,0.7,0.1,270.2,222.9,0.8,1085.3,0.9,164.8,168.9,13.9,1,215.4,229.3,266.4,ORISSA,1999,0.7,266.3,0
1097.2,21.3,273.6,0.1,33.3,0.9,272.3,233.7,34.2,937.6,1.1,74.7,97,1.6,1,26.6,28.3,158,ORISSA,2000,33.3,158,0.1
1672.5,28.7,380.9,0,1.4,0.4,584.2,336.1,1.8,1433.2,32.3,71,132,18.7,1,86.8,105.6,132,ORISSA,2001,1.4,132,0.1
1102.8,25.1,371.2,0,0.2,11.7,170.2,182.4,11.9,930.2,13.1,67.5,105.7,7.8,1,47.1,54.9,206.5,ORISSA,2002,0.2,206.4,0
1648.2,24.7,425.1,28.8,16.2,0.1,367.5,178.9,16.3,1235.7,21.6,22.6,68.9,11,1,287.4,327.3,264.3,ORISSA,2003,16.2,264.2,28.9
1290.4,49.2,346.4,0,8,6.8,328,216.4,14.8,1038.9,6.4,29.7,85.3,1.8,1,149.6,151.4,148.1,ORISSA,2004,8,148.1,0
1503.4,20.9,201,7.1,4,29.4,410.3,199.4,33.4,1153.5,24.3,44.9,90.1,12.4,1,206.9,226.4,342.8,ORISSA,2005,4,342.8,7.1
1716.9,25,624.9,0,0,0.2,454,175.2,0.2,1508.8,29.9,105.6,160.5,21,1,26.4,47.4,254.7,ORISSA,2006,0,254.7,0
1633.8,21,420.6,0,32.5,0.7,285.1,321,33.2,1428.4,8,62.8,91.8,14,1,66.4,80.4,401.7,ORISSA,2007,32.5,401.7,0
1538.9,28.2,388.3,0,10.4,27.5,306.4,343.5,37.9,1393.2,17.5,37.4,83.1,2.7,1,22.1,24.8,355,ORISSA,2008,10.4,355,0
1330.3,1.1,286.9,0.1,0.5,1.9,586,87.3,2.4,1122.7,2.7,68.2,72,27.3,1,105.8,133.2,162.5,ORISSA,2009,0.5,162.5,0.1
1291.9,7.8,282.7,37.2,1.2,8.8,304.9,146.4,9.9,969.9,5.6,93,106.4,35.6,1,133,205.7,236,ORISSA,2010,1.1,235.9,37.1
1346.2,58.2,358.6,0.4,16.2,3.7,199.6,210.1,19.8,1167,4.9,75.6,138.7,0.1,1,20.2,20.7,398.7,ORISSA,2011,16.1,398.7,0.4
1405.9,34.8,417,3.1,3.6,50.8,324.3,169.6,54.4,1153.3,0.9,21.3,57,72.1,1,66,141.3,242.4,ORISSA,2012,3.6,242.4,3.2
1632.4,53.6,254.9,0,7.8,3.3,380,272.6,11.2,1115.6,2.1,57.7,113.4,1.2,1,391,392.2,208.1,ORISSA,2013,7.9,208.1,0
1536.9,11.7,386.3,0.9,17.6,0,496.2,92.2,17.7,1255.7,25.1,111.9,148.7,2.2,1,111.8,114.8,281.1,ORISSA,2014,17.7,281,0.8
1210.1,67.6,264,15.6,3.3,15.1,294.8,238.6,18.4,1034.5,10.5,32.6,110.7,6.2,1,24.7,46.5,237,ORISSA,2015,3.3,237.1,15.6
1274.5,18.4,415.1,0,66.6,92.7,269.4,70.9,159.3,1003.4,11.1,33.5,63,11.5,1,37.3,48.8,248,JHARKHAND,1901,66.6,248,0
1197.6,28.5,204.9,3.2,7.7,4.2,456.1,89.9,11.9,1057.5,13.2,59.8,101.5,5.9,1,17.6,26.7,306.6,JHARKHAND,1902,7.7,306.6,3.2
1174.3,32.8,280.8,0,19.5,25.1,206.1,142.1,44.6,819.3,10.7,56.4,99.9,0.5,1,210.1,210.6,190.2,JHARKHAND,1903,19.5,190.3,0
1480.7,9.1,336.1,0.4,17,2.5,494.1,308.9,19.6,1264.6,38.1,116.1,163.3,2.3,1,30.6,33.3,125.6,JHARKHAND,1904,17.1,125.5,0.4
1354.7,32.9,293.7,2.7,53.3,38.4,420.3,41.5,91.7,1078.3,61.6,66.2,160.7,0,1,21.3,24,322.8,JHARKHAND,1905,53.3,322.8,2.7
1314.3,1.7,251.6,1.1,128.5,45.8,355.6,170.9,174.3,963.5,35.9,33.9,71.5,7.1,1,96.8,105,185.4,JHARKHAND,1906,128.5,185.4,1.1
1455.7,26.3,469.4,24.8,59.3,2,230.4,338.1,61.4,1238.1,76,27.4,129.7,0,1,1.7,26.5,200.2,JHARKHAND,1907,59.4,200.2,24.8
1214.2,0.6,368,0.1,46.4,12.2,326.2,210.1,58.7,1075.9,4.8,48.6,54,0.1,1,25.5,25.6,171.6,JHARKHAND,1908,46.5,171.6,0
1447.9,78.8,360.3,13.3,10.1,32.2,319.9,314,42.3,1262,0.9,27.2,106.9,0,1,23.4,36.7,267.8,JHARKHAND,1909,10.1,267.8,13.3
1297.6,24.4,334.5,0.3,9,20.7,268.6,255.5,29.7,1103.3,2.4,43.7,70.5,9.4,1,84.2,94,244.7,JHARKHAND,1910,9,244.7,0.4
1475.4,7.7,410.3,0,0.2,0.7,164.2,391.6,0.9,1269.6,31.5,25.5,64.7,39.7,1,100.5,140.2,303.5,JHARKHAND,1911,0.2,303.5,0
1142.9,29.7,347.6,0,25.1,1.7,361.7,125.2,26.9,943.2,15.2,42.4,87.4,51.2,1,34.3,85.5,108.7,JHARKHAND,1912,25.2,108.7,0
1585.6,1,383.8,16.3,111.6,1.9,321.3,375.5,113.5,1244.8,40.1,77.9,118.9,18.3,1,73.8,108.4,164.3,JHARKHAND,1913,111.6,164.2,16.3
1215.5,23.6,337,6.2,24.6,0.1,354.4,123.8,24.8,974.7,19.4,150.1,193.1,0,1,16.7,23,159.5,JHARKHAND,1914,24.7,159.5,6.3
1102.3,10.7,220.5,0.1,36.7,7.7,270.2,149.7,44.4,855.1,33.4,58.6,102.7,39.9,1,60,100,214.7,JHARKHAND,1915,36.7,214.7,0.1
1364.3,17.1,303.2,0,14.3,0,224.9,283.5,14.3,1043.1,0.2,22.6,39.9,13.8,1,253.2,267,231.5,JHARKHAND,1916,14.3,231.5,0
1724.4,9,372.8,0.5,40.1,1.7,359.5,287,41.8,1270.5,17.1,107.1,133.2,1.2,1,277.1,278.8,251.2,JHARKHAND,1917,40.1,251.2,0.5
1162.6,15.5,406.7,0.5,2.4,4.2,149.7,324,6.5,1056.3,3.6,78.5,97.6,0,1,1.7,2.2,175.9,JHARKHAND,1918,2.3,175.9,0.5
1633.5,19,398.2,0.1,16.2,102.9,331.8,367.3,119.1,1313,23.5,67.9,110.4,3.4,1,87.4,91,215.7,JHARKHAND,1919,16.2,215.7,0.2
1415,8.8,321.6,0,19.5,0,660.2,109.4,19.5,1275.9,62.6,41.9,113.3,0,1,6.3,6.3,184.7,JHARKHAND,1920,19.5,184.7,0
1233.8,20.8,391.5,0,11,37.1,325.2,228.2,48.1,1127.7,1.4,12.9,35.2,0,1,22.8,22.8,182.8,JHARKHAND,1921,11,182.8,0
1443.2,14.5,365.9,0.9,6.2,8.2,404.7,305.3,14.4,1325.9,0,19.5,34,9.2,1,58.8,68.9,250,JHARKHAND,1922,6.2,250,0.9
1431.9,5.1,552.5,0.6,68.3,0.7,398.4,186,69,1260.9,5.3,26.7,37.1,18.2,1,46,64.8,124,JHARKHAND,1923,68.3,124,0.6
1431.8,12.2,269.6,0,16.6,23,431.8,148.7,39.5,1173.7,1.9,26.3,40.4,103.1,1,75.1,178.2,323.6,JHARKHAND,1924,16.5,323.6,0
1327.6,37.1,314,0.5,6.1,4.7,428.3,196.5,10.8,1111.3,12.1,84.6,133.8,7.7,1,63.5,71.7,172.5,JHARKHAND,1925,6.1,172.5,0.5
1478.4,13.5,391.2,21,3.4,33.5,466.5,55.7,36.9,1223,95,41.5,150,2.9,1,44.6,68.5,309.6,JHARKHAND,1926,3.4,309.6,21
1283.1,2.9,311.6,0,99,27.9,452.5,92.3,126.8,1012.8,31.6,41.7,76.3,15.8,1,51.4,67.2,156.4,JHARKHAND,1927,98.9,156.4,0
1384,26.4,213.7,4.4,11.8,51.4,396.7,313.4,63.2,1055.5,3,48.1,77.4,0.1,1,183.3,187.8,131.7,JHARKHAND,1928,11.8,131.7,4.4
1611.5,11.4,412.2,52.5,15.2,63.9,541.7,111.4,79.1,1190,12.7,29.5,53.5,0,1,236.4,288.8,124.6,JHARKHAND,1929,15.2,124.7,52.4
1434,18.1,361.4,4.4,4.3,0.9,506.8,125.5,5.2,1216.5,7.7,16.5,42.3,121.1,1,44.5,170,222.8,JHARKHAND,1930,4.3,222.8,4.4
1350.4,2.2,355.2,0.8,116.9,7,357,109,123.9,1022.3,18,37.1,57.3,33.4,1,112.7,146.9,201.2,JHARKHAND,1931,116.9,201.1,0.8
1193.8,15,297.8,0.9,32.8,0,374.1,96.5,32.8,989.5,4,45.8,64.8,55.5,1,50.2,106.6,221.1,JHARKHAND,1932,32.8,221.1,0.9
1535.6,37,397.3,5.5,58.7,61.2,366.8,218.1,119.9,1191.8,8.9,94,139.9,4.1,1,74.5,84.1,209.6,JHARKHAND,1933,58.7,209.6,5.5
1197.4,13.1,341.4,3.9,10.3,24,324.2,166.7,34.3,1062.8,1.8,13.6,28.4,12,1,55.9,71.9,230.5,JHARKHAND,1934,10.3,230.5,4
1151.6,23.4,435.6,0.5,21.7,35.8,295.8,120.5,57.5,1051.9,10,6.7,40,0,1,1.6,2.1,200,JHARKHAND,1935,21.7,200,0.5
1664.3,5.4,346.2,10.1,18.9,15.9,378.9,279.1,34.8,1361,13.5,93,111.8,11.4,1,135.2,156.7,356.8,JHARKHAND,1936,18.9,356.8,10.1
1450.6,20.7,300.8,0,96.4,0,363.2,186.1,96.4,1126.4,4.9,72.1,97.7,0.4,1,129.6,130.1,276.2,JHARKHAND,1937,96.4,276.3,0.1
1229.8,0.8,344.1,0,36.1,29,269,201,65.2,1014.5,0.2,102.1,103.1,1.9,1,45.1,47.1,200.4,JHARKHAND,1938,36.2,200.4,0.1
1519.7,15.4,378.2,1.6,47.8,14.7,367.3,237,62.4,1239.5,41.7,18.3,75.3,1,1,139.8,142.4,257,JHARKHAND,1939,47.7,257,1.6
1231.9,15.6,387.3,24.6,38.1,0.2,339.6,123.3,38.4,980.3,89.6,42.3,147.5,0,1,41.2,65.8,130.1,JHARKHAND,1940,38.2,130.1,24.6
1513.5,7,365.3,0.1,4.2,41.6,357.2,287.8,45.9,1206.5,2.5,52.3,61.7,34.6,1,164.7,199.3,196.3,JHARKHAND,1941,4.3,196.2,0
1589,31.2,433.3,1,61.4,8.8,482.3,140.5,70.2,1412.3,19.9,22.7,73.8,5.8,1,25.9,32.7,356.2,JHARKHAND,1942,61.4,356.2,1
1556.1,34.9,488,0,12.5,76.4,452.1,127.5,88.9,1312.5,0.7,38.9,74.5,0,1,80.1,80.1,245,JHARKHAND,1943,12.5,244.9,0
1386.3,29.1,428.3,0.3,65.3,34.5,368.5,129.4,99.8,1075.1,46.6,18.7,94.3,4.3,1,112.5,117.1,149,JHARKHAND,1944,65.3,148.9,0.3
1308.7,25.6,293.1,1.2,27.4,45.8,276.6,168.4,73.2,1015.3,0.4,45.2,71.2,3.2,1,144.6,149,277.2,JHARKHAND,1945,27.4,277.2,1.2
1553.2,68.5,345,0.1,16.1,0,329.4,270.1,16.1,1197.5,16.7,84.1,169.3,34.6,1,135.6,170.4,253,JHARKHAND,1946,16.1,253,0.2
1234.5,2.8,302.8,14.3,24.1,12.1,291.1,143.8,36.2,991.2,45.9,35.7,84.3,2.3,1,106.2,122.8,253.5,JHARKHAND,1947,24.1,253.5,14.3
1402.6,8.4,318,0.2,18.7,26.7,386,185.9,45.4,1097.1,17.7,47,73.1,89.9,1,96.9,187,207.3,JHARKHAND,1948,18.7,207.2,0.2
1436.7,57.4,384.7,1,16.2,21.8,364,187.3,37.9,1151,15.5,107.8,180.7,0,1,66,67,215,JHARKHAND,1949,16.1,215,1
1393,1.9,389.6,3.7,14.8,1,389.6,318.4,15.9,1270.7,31.4,36.4,69.6,11.9,1,21.1,36.7,173.1,JHARKHAND,1950,14.9,173.1,3.7
1071.7,24.2,267,0,0.4,5.1,259.1,177.5,5.5,889.7,48.9,25.1,98.2,9,1,69.2,78.2,186.1,JHARKHAND,1951,0.4,186.1,0
1387.4,36,355.7,1.4,10.7,3.9,357.7,210.7,14.6,1162,24.2,58,118.2,1.4,1,89.7,92.5,237.9,JHARKHAND,1952,10.7,237.9,1.4
1509.4,7.4,416.2,0,11,35.3,440,213,46.3,1383.7,0.8,28.5,36.6,19.3,1,23.4,42.7,314.5,JHARKHAND,1953,11,314.5,0
1059.5,3.5,267.4,7,8.4,12.4,272.2,160.9,20.8,958.3,4.3,29.7,37.6,0.6,1,35.3,42.9,257.8,JHARKHAND,1954,8.4,257.8,7
1080.8,5.1,240.5,0.1,9.8,43.6,347.1,137.7,53.4,880.7,5.9,23.9,34.8,14.8,1,96.9,111.8,155.4,JHARKHAND,1955,9.8,155.4,0.1
1555.7,5.8,344.6,7.9,25.7,13.9,301.6,259.3,39.6,1218.4,50.3,78.5,134.6,14.3,1,140.9,163.2,312.9,JHARKHAND,1956,25.7,312.9,8
1377.5,2.4,293.2,0.2,24.7,56.3,498.7,163.6,81.1,1238.6,30.6,6.5,39.5,0,1,18.2,18.4,283,JHARKHAND,1957,24.8,283.1,0.2
1180.5,24.8,263.3,0,39.8,11.5,336.1,93.6,51.3,960.3,20,12.2,56.9,0.7,1,111.3,112,267.2,JHARKHAND,1958,39.8,267.3,0
1599.9,17.5,305.8,0,5.6,51.6,332.6,188.5,57.1,1190.9,5.2,56.4,79,0,1,272.8,272.8,363.9,JHARKHAND,1959,5.5,364,0
1248.8,1.9,432.7,0,0.5,6.6,310.1,115.6,7,1133,29.3,32.1,63.3,0.6,1,44.8,45.4,274.6,JHARKHAND,1960,0.4,274.6,0
1560.5,4.6,358.2,4.6,84.3,8.9,296.3,298.6,93.2,1270.2,1,30,35.6,1.6,1,155.3,161.5,317.2,JHARKHAND,1961,84.3,317.1,4.6
1047.7,31.1,265.5,8.9,15,8.2,251.5,167.4,23.2,897.9,4.3,26.5,61.9,0,1,55.8,64.8,213.5,JHARKHAND,1962,15,213.5,9
1315,23.3,249,0.2,7.8,2.8,301.6,171.5,10.6,963.4,9.9,67.7,100.8,11.2,1,228.6,240.1,241.3,JHARKHAND,1963,7.8,241.3,0.3
1150.3,18.9,262,0,12.2,2.2,306.4,200.4,14.3,983.2,4.7,53.8,77.4,3.9,1,71.5,75.4,214.4,JHARKHAND,1964,12.1,214.4,0
1012.4,31.3,215.9,0.9,8.7,0.8,354.6,113.1,9.5,889.7,26.6,14.8,72.8,0.3,1,39.2,40.4,206.2,JHARKHAND,1965,8.7,206.1,0.9
879.8,10.5,263.4,8.1,3.8,24.7,174.1,233.2,28.5,758.7,0.2,22.1,32.8,15.9,1,35.8,59.8,87.9,JHARKHAND,1966,3.8,88,8.1
1225.3,24.2,450.8,12.3,1,8.6,283.5,71.9,9.6,1074.6,39.9,43.7,107.8,1.1,1,19.8,33.2,268.5,JHARKHAND,1967,1,268.4,12.3
1293.4,4.7,420.5,3.7,9.4,34.4,351.5,272.6,43.9,1141.8,5.5,22,32.2,0.5,1,71.2,75.5,97.2,JHARKHAND,1968,9.5,97.2,3.8
1158.1,34.7,337.4,0.1,4,6.2,299,130.2,10.2,976,5,86.1,125.8,20.9,1,25.1,46.1,209.4,JHARKHAND,1969,4,209.4,0.1
1291.5,8.4,252.8,0,16.6,24.3,300,182.4,40.9,1116,28,29.7,66.1,1.5,1,67,68.5,380.7,JHARKHAND,1970,16.6,380.8,0
1898.6,95.6,526.1,0.1,24.3,43.4,503.1,272.3,67.7,1539,2.1,83.5,181.2,6.7,1,104,110.8,237.5,JHARKHAND,1971,24.3,237.5,0.1
996.1,9.1,352.7,0.4,46.5,8.6,248.5,75.9,55.1,852.1,0.2,3.2,12.5,21.6,1,54.4,76.3,175.1,JHARKHAND,1972,46.5,175,0.3
1441,7.1,294.6,0.6,15.2,10.6,224.3,184.3,25.8,1068.5,23.9,56.4,87.4,13.7,1,245.1,259.4,365.4,JHARKHAND,1973,15.2,365.3,0.6
1127,3.3,331.7,1,0.5,2.6,334.9,64.9,3.1,966.6,24.3,51.9,79.5,0.3,1,76.6,77.9,235,JHARKHAND,1974,0.5,235.1,1
1361.3,10.1,339.2,0,13.4,17.2,477.6,121,30.6,1162.1,26,30.1,66.1,0.1,1,102.5,102.6,224.3,JHARKHAND,1975,13.4,224.3,0
1191.8,25.2,263,3.5,23.1,0,297.5,107,23.1,1062,7.2,58.2,90.6,3.2,1,9.3,16,394.5,JHARKHAND,1976,23.1,394.5,3.5
1521.5,47.9,316.4,21.8,8.1,19.2,458.3,281.1,27.3,1240.7,3.8,102.5,154.2,27.3,1,50.3,99.3,184.8,JHARKHAND,1977,8.1,184.9,21.7
1556.1,28.4,341.1,12,50.9,10.5,252.8,283.7,61.4,1254,45.3,33.8,107.5,7,1,114.3,133.2,376.5,JHARKHAND,1978,50.9,376.4,11.9
882.8,19.5,174.9,11,38.7,22.4,286,129.1,61.1,724.3,6.1,6.1,31.6,18.7,1,36.1,65.8,134.2,JHARKHAND,1979,38.7,134.3,11
1340.6,21,281.2,2.3,14.9,13.6,350.7,273.7,28.5,1137.8,37.1,40,98.1,0,1,73.8,76.1,232.1,JHARKHAND,1980,14.9,232.2,2.3
1167.2,40.9,226.4,13.4,33.5,40.7,355.3,143.3,74.2,914.5,20.1,94.9,156,3.1,1,6.1,22.5,189.5,JHARKHAND,1981,33.5,189.5,13.3
1085.3,30.9,358.7,1.8,23.6,8.4,180.8,183.9,32,841.5,77.3,33.4,141.5,15.7,1,52.7,70.2,118.1,JHARKHAND,1982,23.6,118.1,1.8
1261.7,44.4,240.6,14.7,33.1,4.3,280,131.8,37.4,961.2,9.9,83.3,137.6,0.2,1,110.7,125.5,308.8,JHARKHAND,1983,33.1,308.8,14.6
1529.9,14.1,387.3,0.1,26.2,33.4,350.4,479.6,59.6,1373.2,1.6,31,46.7,0.1,1,50.2,50.5,155.8,JHARKHAND,1984,26.2,155.9,0.2
1240.3,8.8,312.6,0.9,9.1,19.1,338,131.2,28.3,998.3,1.6,48.2,58.6,0.5,1,153.7,155.1,216.6,JHARKHAND,1985,9.2,216.5,0.9
1335.6,25,212.9,37.9,21.2,6.9,352.2,253,28.1,1006.6,3.8,74.8,103.7,31.1,1,128.2,197.2,188.5,JHARKHAND,1986,21.2,188.5,37.9
1332.7,30.3,371.1,5.4,10.1,5.9,410.8,93.1,15.9,1174.1,10.9,44.9,86.1,31.4,1,19.7,56.6,299.1,JHARKHAND,1987,10,299.1,5.5
1153.7,23.7,276.1,1.6,37.1,3.1,273.5,303.6,40.2,981.1,42.2,23.6,89.5,2.6,1,38.7,42.9,127.8,JHARKHAND,1988,37.1,127.9,1.6
1149,0.1,258.9,19.7,0.3,1.9,285.6,246,2.2,1009.5,2.8,66.4,69.3,8.6,1,39.6,67.9,219,JHARKHAND,1989,0.3,219,19.7
1404.2,15.4,230.8,0.3,48,0.8,430.7,197.4,48.7,1084.8,22.2,90.6,128.2,14.2,1,128.1,142.6,226,JHARKHAND,1990,47.9,225.9,0.3
1250.9,11.2,384,34.2,8,19.3,252.9,171.3,27.3,1082.2,31.1,33.7,76,1.9,1,29.4,65.5,274,JHARKHAND,1991,8,274,34.2
933,8.8,265.2,0.3,6.1,2.3,295.7,129.8,8.3,839.2,0.6,51.8,61.2,1.6,1,22.5,24.3,148.5,JHARKHAND,1992,6,148.5,0.2
1204,32,245.9,0,2,1.7,214.4,203.2,3.7,1035.9,16.1,50.5,98.6,16.2,1,49.6,65.9,372.4,JHARKHAND,1993,2,372.4,0.1
1579.4,20,360.7,0.1,23.8,17.7,451.6,391.3,41.5,1366.3,0.6,29.2,49.8,2.7,1,118.9,121.8,162.8,JHARKHAND,1994,23.8,162.7,0.2
1366.5,4.3,301.5,20.1,9.7,13.7,312.3,134.2,23.5,1143.9,22.4,30.3,56.9,84.7,1,37.5,142.2,395.9,JHARKHAND,1995,9.8,395.9,20
1191.7,8,384.3,0,24.4,17.1,274.1,302.7,41.5,1094.8,4.9,18.5,31.4,0.1,1,23.9,24.1,133.6,JHARKHAND,1996,24.4,133.7,0.1
1461.3,29.4,431.6,36.6,3.7,9.5,400.5,230.4,13.2,1262.1,1.5,25.2,56.1,39,1,54.3,129.8,199.6,JHARKHAND,1997,3.7,199.6,36.5
1353.8,33.8,263.2,0.7,20.6,76.3,302.4,109.9,97,964.1,54.1,45.5,133.4,26.3,1,132.3,159.3,288.6,JHARKHAND,1998,20.7,288.6,0.7
1586.9,1.5,373.1,0.2,0.1,0.6,416,240.2,0.7,1345.1,0.1,95.4,97,3.3,1,140.6,144.1,315.8,JHARKHAND,1999,0.1,315.8,0.2
1191.5,19.6,152.8,0.2,21.2,3.6,358.4,185.3,24.7,1053.4,6.3,67.7,93.6,0.4,1,19.1,19.7,356.9,JHARKHAND,2000,21.1,356.9,0.2
1254.4,14,219.4,0,4,1.9,354.6,324.7,5.8,1031.5,30,57.4,101.4,0.2,1,115.5,115.7,132.8,JHARKHAND,2001,3.9,132.8,0
1034.9,11.5,277.4,0.8,5.4,9,186.8,184.9,14.4,902.5,10.7,38.7,60.9,1.3,1,55,57.1,253.4,JHARKHAND,2002,5.4,253.4,0.8
1245,17.9,245.1,7.4,30.5,3.3,247.5,152.4,33.9,869,33.6,21.5,73.1,6.2,1,255.5,269.1,224,JHARKHAND,2003,30.6,224,7.4
1136.6,41,327,1.6,2.7,5.5,200.7,184.4,8.2,923.5,3.1,31.1,75.2,0.1,1,128.1,129.7,211.5,JHARKHAND,2004,2.7,211.4,1.5
960.4,9.6,214.5,6.1,17.5,22.1,266.4,157.2,39.6,779.5,17.7,23.5,50.7,1.3,1,83.1,90.5,141.5,JHARKHAND,2005,17.5,141.4,6.1
1459.5,15.7,337.2,0,0.2,0.3,447.1,198.3,0.5,1281.4,22.4,107.4,145.5,7.4,1,24.6,32,298.7,JHARKHAND,2006,0.2,298.8,0
1437.3,22.3,353.6,0,48.4,1.7,430.4,125.4,50.1,1234.1,25.5,58.1,105.8,7.6,1,39.6,47.2,324.7,JHARKHAND,2007,48.4,324.7,0
1325.3,10.7,310.5,0,3.6,19.4,377.9,366.3,22.9,1207.7,6.2,42.9,59.7,1,1,34,35,152.9,JHARKHAND,2008,3.5,153,0
996.1,0.8,248,0.5,0.8,1.8,266.6,62.7,2.6,826.1,2,78.1,80.8,4,1,82.2,86.6,248.8,JHARKHAND,2009,0.8,248.8,0.4
697.1,6.3,155.1,20,2.3,0.2,170.2,92.6,2.5,578.4,0.9,29.2,36.4,4.7,1,55.1,79.8,160.5,JHARKHAND,2010,2.3,160.5,20
1374.7,25.4,403.2,0.1,2.5,3.3,181.8,349,5.8,1258.7,6.4,55,86.8,0,1,23.3,23.4,324.6,JHARKHAND,2011,2.5,324.7,0.1
1065,9.6,282.4,7.6,10.3,34.6,287.2,121.1,45,908.3,1.5,6.6,17.7,48.6,1,37.8,94,217.6,JHARKHAND,2012,10.4,217.6,7.6
1253.6,22.3,278.1,0,17.9,1.1,211.1,181.5,19,844.5,1.6,85,109,0,1,281.1,281.1,173.8,JHARKHAND,2013,17.9,173.8,0
1156.6,1.9,290.9,1.2,47.5,9.9,321.3,139.7,57.4,930.1,22.9,98.2,123.1,0,1,44.9,46.1,178.2,JHARKHAND,2014,47.5,178.2,1.2
1081.8,55.5,240.7,2.7,2.6,12.2,429.7,183.3,14.8,938.8,21.6,25.5,102.6,0.2,1,22.7,25.6,85.1,JHARKHAND,2015,2.6,85.1,2.7
952.3,1.1,319.4,0.1,19.6,51.8,245.9,66.3,71.4,786.7,11.9,65.6,78.6,7.3,1,8.3,15.6,155.1,BIHAR,1901,19.6,155.1,0
1206.2,17.3,225.5,0,0.7,4.6,361,118.2,5.2,1063.4,24.3,66.3,107.9,1.1,1,28.5,29.6,358.7,BIHAR,1902,0.6,358.7,0
1016.3,4.7,342.6,0,4.7,5.3,115,192.9,10,824.4,2,28.2,34.9,0.1,1,147,147.1,173.9,BIHAR,1903,4.7,173.9,0
1269.5,5.3,351.3,3.8,1.7,6.3,394.4,191.6,7.9,1021.8,3.5,118.7,127.4,10.6,1,98.1,112.4,84.4,BIHAR,1904,1.6,84.5,3.7
1498.5,21.4,495.3,0.6,30.1,16,409.1,50.5,46.1,1308.8,32.6,77.5,131.4,0,1,11.6,12.2,353.9,BIHAR,1905,30.1,353.9,0.6
1265.1,0.9,430.1,0,56.9,14.4,366.2,191.3,71.3,1106.2,8.6,44.7,54.2,0.4,1,32.9,33.3,118.7,BIHAR,1906,56.9,118.6,0
1126.4,27,242.2,2.1,55.2,1.3,282.4,232.2,56.5,963.8,39.4,32.9,99.3,0,1,4.8,6.9,206.9,BIHAR,1907,55.2,207,2.1
737.5,2.2,167.3,0.3,38.6,14.7,202.3,94,53.3,613.6,6.1,36.7,45,0,1,25.4,25.6,149.9,BIHAR,1908,38.6,150,0.2
1390.5,72.8,352.4,5.6,6.3,7,256.2,446,13.3,1229.9,0,25.8,98.6,0,1,43.1,48.7,175.4,BIHAR,1909,6.3,175.3,5.6
1398.5,5.7,328.8,0,4.8,2.4,365.1,279.5,7.2,1232,6.6,51.5,63.8,21.7,1,73.8,95.5,258.5,BIHAR,1910,4.8,258.6,0
1449.2,13.1,425.5,0,0.1,9.4,199,312.3,9.5,1216,28.2,41.7,83,17.8,1,122.8,140.7,279.1,BIHAR,1911,0.1,279.2,0.1
1129.4,25.4,302.9,0,8.5,5.5,362.4,146.8,14,916.9,23.9,62.7,112,72.6,1,14,86.6,104.7,BIHAR,1912,8.5,104.8,0
1529.7,1.4,363,32.8,38,0,258.8,379.9,38,1272,18.1,106.1,125.5,0.5,1,61,94.3,270.3,BIHAR,1913,38,270.3,32.8
1059.8,29,460.4,0.6,22.7,0.2,269.1,84.4,22.8,912.3,8,77,114,0,1,10.1,10.7,98.4,BIHAR,1914,22.6,98.4,0.6
1349.4,6.4,415,0.3,57.1,8.2,321.3,149.1,65.3,1070.4,22.5,72.5,101.4,36.7,1,75.3,112.4,185.1,BIHAR,1915,57.1,185,0.4
1504.6,25.3,325.2,0,16.5,0.6,445.6,270.3,17.1,1306.3,0.3,25.1,50.7,0.4,1,130.1,130.6,265.2,BIHAR,1916,16.5,265.2,0.1
1334.1,5.8,249.3,0.2,19.7,2.7,328.7,227.8,22.4,1077.9,7.9,103.3,117,0,1,116.5,116.7,272.1,BIHAR,1917,19.7,272.1,0.2
1411.7,29.5,519.2,0,0.1,0.6,240.3,251.6,0.7,1265.5,1.8,105.4,136.8,0.1,1,8.6,8.7,254.4,BIHAR,1918,0.1,254.4,0
1252.7,11.6,230.1,0.7,7.7,40.2,417.8,195,47.9,1087.9,3.8,42.3,57.6,0,1,58.6,59.4,244.8,BIHAR,1919,7.7,245,0.8
1123.9,2.6,228.5,0,19.2,0,361.6,108.9,19.3,1036.6,31,28.8,62.4,0,1,5.6,5.6,337.6,BIHAR,1920,19.3,337.6,0
1272.2,21.2,422,0,0.6,26.8,303.8,132.4,27.3,1153.9,6.5,26.3,54,0,1,37,37,295.8,BIHAR,1921,0.5,295.7,0
1449.2,9.6,363.5,6.5,4.6,12.2,427.3,345.8,16.8,1377.9,0,22,31.6,0.7,1,15.7,22.9,241.3,BIHAR,1922,4.6,241.3,6.5
982.8,13.5,243.2,0.4,35.1,1.3,253.9,171.7,36.4,817.8,1.5,38.1,53.1,0.7,1,74.4,75.5,148.9,BIHAR,1923,35.1,149,0.4
1456.3,8.8,295.7,0.2,12.7,2.5,514,170.6,15.3,1300.6,1.8,14.8,25.5,61.7,1,53.1,115,320.3,BIHAR,1924,12.8,320.3,0.2
1191.5,52.9,331.5,0,1.8,7.7,322.9,130.4,9.6,1054.2,7.7,38.6,99.2,11,1,17.6,28.6,269.4,BIHAR,1925,1.9,269.4,0
1121.8,12.8,276,8.7,0.6,16.3,451.5,48.1,16.9,987.2,29.7,47,89.6,1.8,1,17.6,28.1,211.6,BIHAR,1926,0.6,211.6,8.7
1100.2,3.1,242.7,0.2,36.4,24.2,301.5,115.9,60.6,891.5,31.9,52.9,87.9,38.6,1,21.5,60.3,231.4,BIHAR,1927,36.4,231.4,0.2
1249.8,18.3,272.9,7.6,21.5,41.2,377.2,208,62.7,941.5,0.1,54.3,72.7,0.9,1,164.3,172.8,83.3,BIHAR,1928,21.5,83.4,7.6
1359.2,16.2,326.3,44.4,1.1,51.6,328.8,190.2,52.7,970.1,11.4,33.1,60.6,0,1,231.4,275.8,124.7,BIHAR,1929,1.1,124.8,44.4
1114.3,6.6,247.8,10.4,7.6,11.6,298.2,144.6,19.2,981.5,13.6,28.6,48.8,24,1,30.4,64.8,290.9,BIHAR,1930,7.6,290.9,10.4
1146.3,1.6,218.8,0.7,32.4,1.3,441.3,75.9,33.7,984.2,11.4,27.5,40.5,11.2,1,76.1,87.9,248.2,BIHAR,1931,32.4,248.2,0.6
926.9,14.8,249.3,8.9,8.2,0,164.3,152.1,8.2,756.8,0.5,26.6,41.9,78.7,1,32.4,120,191.2,BIHAR,1932,8.2,191.1,8.9
1392.6,62.1,377.8,0.3,13.1,28.3,377.3,197,41.3,1119.8,0.7,90.3,153.2,0.3,1,77.6,78.2,167.8,BIHAR,1933,13,167.7,0.3
1226.1,9.1,251.3,2.8,13.7,30.1,432.6,165.5,43.7,1080.6,3,22,34.1,9.8,1,55.2,67.7,231.2,BIHAR,1934,13.6,231.2,2.7
1240.4,0.7,481.7,0.1,19.6,21,193.8,127.9,40.6,1173.7,0.6,21.9,23.3,0.1,1,2.6,2.8,370.3,BIHAR,1935,19.6,370.3,0.1
1572.5,7.7,261.5,10.3,6.9,7.7,462.2,188.9,14.6,1361.9,4.6,84.3,96.6,0.4,1,88.8,99.5,449.2,BIHAR,1936,6.9,449.3,10.3
1306.4,10.7,441.8,1.1,66.3,0,217.9,113.6,66.3,952.6,0.8,80,91.5,0.3,1,194.6,196,179.3,BIHAR,1937,66.3,179.3,1.1
1506.7,2.9,385.1,0,17,12.4,362.1,382.4,29.4,1331,0,115.5,118.5,0.8,1,27.1,27.9,201.4,BIHAR,1938,17,201.4,0
1243.2,1.7,277.1,0,42.3,5,315,230.4,47.3,1084.5,11.3,41.5,54.5,0,1,56.9,56.9,262,BIHAR,1939,42.3,262,0
1088.3,5,314.9,17.5,43.8,0.9,317.6,114.6,44.7,918.7,65.5,31.9,102.5,0,1,4.9,22.4,171.6,BIHAR,1940,43.8,171.6,17.5
1223.1,4.6,466,0,2.8,16.2,248.8,177.7,19,1082.7,0.7,67.1,72.5,1.1,1,47.8,48.9,190.2,BIHAR,1941,2.8,190.2,0
1252.5,18.2,330.4,0.9,43.5,34.4,253.5,174.7,77.8,1105.7,14.7,28.1,61,0,1,7,8,347.2,BIHAR,1942,43.4,347.1,1
1169.9,40.7,322.1,0,16.9,34.7,296,169.8,51.6,1003.3,0.2,37,78,0,1,37,37,215.4,BIHAR,1943,16.9,215.4,0
1228.8,34.1,322.8,0.8,32.6,27.3,253.5,223.9,59.9,1021.5,42,21.9,98,0.2,1,48.5,49.5,221.3,BIHAR,1944,32.6,221.3,0.8
1242.9,32.4,265.6,3.2,24,50.7,226.9,120.5,74.7,918.6,1.4,57.8,91.5,0,1,154.8,158,305.5,BIHAR,1945,24,305.6,3.2
1393.7,52.3,267.8,0,21.3,0,354.7,168.7,21.3,1062.9,5,88.6,145.9,14.9,1,148.7,163.6,271.8,BIHAR,1946,21.3,271.7,0
1092.1,7.5,244.6,0.3,5.6,5.6,394.4,89.4,11.2,943.7,10.2,57.7,75.4,0.1,1,61.5,61.9,215.3,BIHAR,1947,5.6,215.3,0.3
1299.2,11.3,329.8,0,7.5,11.1,409,114.6,18.6,1102.2,3.6,46.3,61.2,36.2,1,81,117.2,248.9,BIHAR,1948,7.5,248.8,0
1444.4,35.5,386.5,0,42.8,16.5,341.7,200.2,59.4,1146.3,5.7,93.1,134.3,1.1,1,103.4,104.5,217.9,BIHAR,1949,42.9,217.9,0
1124.6,2.2,313.3,2.1,11.8,9.8,257,346.5,21.6,1030.1,22.1,43.3,67.6,0.1,1,3,5.2,113.4,BIHAR,1950,11.8,113.3,2.1
850.2,8.2,204.5,0.1,1.5,7.3,307.8,144.5,8.8,771.1,5.8,22.8,36.8,4.7,1,28.7,33.5,114.3,BIHAR,1951,1.5,114.3,0.1
1206.8,24.6,291.9,0.4,10.3,1.1,212.5,272.5,11.4,1074.5,20.1,57,101.6,3.4,1,15.4,19.3,297.7,BIHAR,1952,10.3,297.6,0.5
1378.7,16.7,263.3,0.8,4.2,29.7,431.8,224.7,33.9,1262,8.7,37.4,62.7,0.9,1,18.4,20.2,342.2,BIHAR,1953,4.2,342.2,0.9
1050.5,0.6,308.6,1.3,8.4,12.5,366.1,166.6,20.9,970.7,0.8,40.9,42.3,0.2,1,15.1,16.6,129.5,BIHAR,1954,8.4,129.4,1.3
1244.2,11.9,268.7,0.1,6.7,20,505.7,172.5,26.7,1139,2.3,28.2,42.5,0.3,1,35.7,36.1,192.2,BIHAR,1955,6.7,192.1,0.1
1493.4,5.3,286.3,8.1,4.7,19.3,200.6,319.4,24,1166.2,9.6,75.4,90.4,36,1,168.8,212.9,359.8,BIHAR,1956,4.7,359.9,8.1
966.9,0.5,295.8,2.7,2.8,75.2,334.5,115.6,78,861.2,11.6,1.3,13.4,0,1,11.6,14.4,115.2,BIHAR,1957,2.8,115.3,2.8
1167.4,26.4,451.1,0.6,2.7,16,222.8,120.7,18.7,1018.8,4.7,16.1,47.2,0.7,1,81.5,82.7,224.2,BIHAR,1958,2.7,224.2,0.5
1179.6,18.6,264.2,0.1,1.5,81.2,245.8,132.3,82.7,799.3,9.4,35.7,63.7,0,1,233.8,233.9,157.1,BIHAR,1959,1.5,157,0.1
1247.9,5.2,285.5,0,0.1,1.4,357.4,117.6,1.5,1108.7,42.7,49.9,97.9,2,1,37.9,39.9,348.1,BIHAR,1960,0.1,348.2,0
1258.1,2,317.5,10.1,35.8,11.7,211.6,239.7,47.5,926.3,1.4,33.9,37.3,0.8,1,236,246.9,157.5,BIHAR,1961,35.8,157.5,10.1
1178.1,20.8,395.4,3.2,7.8,13,244.3,156.4,20.8,1012.4,9.5,38.8,69.1,0,1,72.5,75.7,216.3,BIHAR,1962,7.8,216.3,3.2
1326.1,17.5,273.5,0.2,1.7,3.4,375.4,154,5.1,1058.6,9.4,78.9,105.9,17.8,1,138.7,156.6,255.7,BIHAR,1963,1.7,255.7,0.1
1122.5,21.9,157.7,0,3.3,1.4,453.6,134.7,4.7,965.1,2.4,59.3,83.6,2.7,1,66.3,69.1,219,BIHAR,1964,3.3,219.1,0.1
1002.7,7.1,328.3,2.4,1.2,0.4,302.2,98.8,1.7,944.3,15.7,7.7,30.4,1.8,1,22.2,26.3,215,BIHAR,1965,1.3,215,2.3
767,0.9,308.3,1.6,6.9,21.2,155.5,114.5,28.1,661.5,0.1,39.5,40.4,17.1,1,18.3,37,83.1,BIHAR,1966,6.9,83.2,1.6
999.9,30.6,282.1,1.5,0.1,0.2,278.2,80.7,0.2,894.8,38.6,23.6,92.8,0.1,1,10.3,12,253.8,BIHAR,1967,0,253.8,1.6
1140.1,3,293.1,4.9,1.7,29.1,329.6,261.8,30.8,963.7,7,17.3,27.3,0,1,113.3,118.2,79.2,BIHAR,1968,1.7,79.2,4.9
1288.6,20.7,379.4,0.3,9.3,5.2,348.4,193.1,14.5,1140.1,9.7,64.4,94.8,23.6,1,15.3,39.2,219.1,BIHAR,1969,9.3,219.2,0.3
1074.7,17.9,235.6,0,13.4,22.1,284.2,194.6,35.5,944,3.2,39.2,60.2,0.4,1,34.5,35,229.5,BIHAR,1970,13.4,229.6,0.1
1432.6,91.4,367.9,0,14.6,17.3,307,278,31.9,1082.2,5.1,81.5,178,1.9,1,138.6,140.5,129.2,BIHAR,1971,14.6,129.3,0
717.9,3.2,154.9,0,38,12.9,163.4,56.7,51,584.7,2.7,3.4,9.2,24.6,1,48.4,73,209.7,BIHAR,1972,38.1,209.7,0
1189,4.4,258.9,0,10.2,22.9,185.1,200.9,33.1,916.3,3.8,65,73.1,8.3,1,158.2,166.5,271.4,BIHAR,1973,10.2,271.4,0
1235.2,9.9,317.5,3.7,0.7,3.9,451.6,129.4,4.6,1127.7,21.9,39.1,70.9,0.3,1,28,32,229.2,BIHAR,1974,0.7,229.2,3.7
1069.1,11,155.2,0,4.1,9.1,403.1,143.2,13.2,946.7,12,34.4,57.5,0,1,51.7,51.7,245.3,BIHAR,1975,4.1,245.2,0
1161.7,8.9,292.8,0.5,12.4,2.3,221,147.1,14.7,1033.4,0.9,80.1,90,0.7,1,22.4,23.7,372.6,BIHAR,1976,12.4,372.5,0.6
1147.5,17,266,17.3,2.9,5.3,375.5,102.5,8.1,865,1.3,83.7,101.9,8.1,1,147.1,172.5,121,BIHAR,1977,2.8,121,17.3
1290.8,24.5,252.6,3.7,27.8,13.4,313.6,190.4,41.1,1005.2,16.8,51.8,93,4.8,1,142.8,151.4,248.6,BIHAR,1978,27.7,248.6,3.8
1001.9,21.3,166.1,10.3,19.4,23.4,435.5,90.6,42.9,805.2,2.3,6.2,29.8,25.2,1,88.5,124,113,BIHAR,1979,19.5,113,10.3
1252.2,7.9,375.3,1,2.4,4.7,389.9,160.2,7.1,1115.9,9.5,80.9,98.4,0.2,1,29.5,30.8,190.5,BIHAR,1980,2.4,190.5,1.1
1364.7,47.9,311.3,3.9,5.7,31.3,580.1,107.9,37,1168.1,14.3,86.3,148.4,6.1,1,1,11,168.8,BIHAR,1981,5.7,168.8,3.9
933.5,14.7,164.5,1,6.1,4.4,227.2,222.4,10.5,784.6,28.2,31,73.9,21.5,1,42.1,64.6,170.5,BIHAR,1982,6.1,170.5,1
1104.2,45,195.8,14.1,1.7,13.1,353.8,101.2,14.8,871.3,8,81.1,134.1,0,1,69.9,84,220.6,BIHAR,1983,1.7,220.5,14.1
1426.2,11.2,216.9,3,33.9,28.6,476.4,353.4,62.5,1265.8,1.3,65.6,78.1,1.5,1,15.4,19.9,219,BIHAR,1984,33.9,219.1,3
1455,8,238,7.1,0.5,8.8,481.5,163.2,9.3,1171.7,0.5,69.2,77.7,1.2,1,188,196.3,289,BIHAR,1985,0.5,289,7.1
1322.1,16,263.5,22.1,13.9,1.1,395.7,168.4,15,1048.6,0.5,94.3,110.8,1.3,1,124.2,147.6,221.1,BIHAR,1986,13.9,221,22.1
1660.4,37.7,539.8,2.3,3.7,0.7,452,143.6,4.3,1515.1,5.4,40.1,83.1,2.7,1,52.8,57.9,379.7,BIHAR,1987,3.6,379.7,2.4
1337.4,46.9,459.4,13.8,15.3,1.2,364.5,174.5,16.4,1151.6,27.3,46.2,120.3,1.5,1,33.7,49,153.2,BIHAR,1988,15.2,153.2,13.8
1269.9,0.2,171.9,14,8.7,8.9,446,152.9,17.5,1101.7,6.9,100.3,107.4,1,1,28.2,43.2,330.9,BIHAR,1989,8.6,330.9,14
1239.4,14,204.4,0.2,30.2,0.3,485.5,156.6,30.6,1047.8,13.8,83.3,111.1,0,1,49.7,49.9,201.2,BIHAR,1990,30.3,201.3,0.2
1045.7,8.9,324.2,19.2,6.3,14.5,179.7,176.2,20.7,950.5,7.9,31.2,48,0,1,7.2,26.5,270.5,BIHAR,1991,6.2,270.4,19.3
797.6,2.6,219.2,0.4,3.1,2.6,284.8,83.9,5.8,673.8,0.1,61.1,63.8,1.4,1,52.4,54.2,85.9,BIHAR,1992,3.2,85.9,0.4
1208.3,24.5,357.3,0.1,4,9.4,209.1,154.8,13.4,1041.2,24.5,51.1,100.1,19.3,1,34.3,53.6,320,BIHAR,1993,4,320,0
969.4,7,257.6,1.2,29.1,28.3,217.7,130.9,57.5,832.8,1,32.7,40.7,4.4,1,32.9,38.5,226.5,BIHAR,1994,29.2,226.6,1.2
1111.9,0.1,335.7,23.8,11.6,6.8,227.5,162.9,18.4,1005.1,2,6.7,8.8,44.4,1,11.4,79.6,279.1,BIHAR,1995,11.6,279,23.8
1107.2,3,350.9,0,21.7,26,238.5,220.1,47.7,972,0.2,18.2,21.4,0,1,66.2,66.2,162.5,BIHAR,1996,21.7,162.5,0
1303.7,29.3,287.6,30.6,1.1,10.5,463.9,211,11.6,1148.3,2.9,42.2,74.4,11,1,27.8,69.5,185.8,BIHAR,1997,1.1,185.8,30.7
1332.5,26.6,377.4,0,11.2,8.4,465.1,96.6,19.6,1127,23.6,38.2,88.4,14.5,1,83,97.5,188,BIHAR,1998,11.2,187.9,0
1402.7,3.8,347.5,0.6,0.2,0.1,380.8,265.1,0.3,1192.9,0.4,83.6,87.8,6.9,1,114.1,121.7,199.6,BIHAR,1999,0.2,199.5,0.7
1207,37.2,201.4,0.1,12.1,0.5,264.3,267.2,12.7,1047.7,3.6,96.2,137,0,1,9.6,9.7,314.8,BIHAR,2000,12.2,314.8,0.1
1247,12.6,225.9,0,0.5,1,224.7,224.4,1.5,949.8,3,98.4,114,0.5,1,181.3,181.8,274.8,BIHAR,2001,0.5,274.8,0
1105.8,25,247.7,0.7,11.3,13.4,386.1,116.6,24.6,943.2,2.2,74.8,102.1,1.4,1,33.8,35.8,192.8,BIHAR,2002,11.2,192.8,0.6
1353.9,21.9,310.6,3,39.7,13.2,356.8,230.9,52.9,1082.3,10.2,41.4,73.5,0.2,1,142,145.2,183.9,BIHAR,2003,39.7,184,3
1147.8,32,175.9,0,2.1,22.7,418.4,246.8,24.8,956.4,2.2,72.7,107,3.1,1,56.4,59.5,115.3,BIHAR,2004,2.1,115.3,0
907.8,7.7,309.1,0.2,14.3,13.9,300,82.5,28.2,796.7,12.1,28.6,48.5,0,1,34.3,34.5,105.1,BIHAR,2005,14.3,105.1,0.2
1052.8,19.2,160.4,1.6,0,0.1,290.7,200,0.1,936.3,1.9,73.2,94.3,2.9,1,17.6,22.1,285.2,BIHAR,2006,0,285.2,1.6
1600.2,20.3,340.6,7.5,34.2,0.2,549.4,170.4,34.3,1369.4,25.4,94.4,140.2,9.1,1,39.6,56.2,309,BIHAR,2007,34.1,309,7.5
1197.7,10.4,278.1,0,4.4,25.6,397.2,291.2,30,1083.5,3.2,48.9,62.6,0.1,1,21.4,21.6,117.1,BIHAR,2008,4.4,117,0.1
889.3,2.9,298.9,0.8,0.4,0.3,213.6,67.7,0.7,707.7,1.1,98.5,102.5,5.1,1,72.6,78.4,127.6,BIHAR,2009,0.4,127.5,0.7
629.2,6.5,158.4,2.1,1.1,0.1,191.2,80.9,1.3,536.2,0.2,44.4,51.1,5,1,33.6,40.7,105.7,BIHAR,2010,1.2,105.7,2.1
1097.1,23.9,278.7,0.9,7.7,4.2,241.1,211,11.8,964.8,9.2,74.5,107.6,2,1,10,12.9,234.1,BIHAR,2011,7.6,234,0.9
1032.4,20.4,240.4,0,2.7,18.1,354,96.2,20.9,924.4,7.3,18.8,46.5,6.4,1,34.3,40.6,233.8,BIHAR,2012,2.8,233.8,-0.1
1069.9,32.3,213.6,0,22.6,5.1,182,183.3,27.7,722.2,0.6,89.5,122.4,0.4,1,197.1,197.5,143.3,BIHAR,2013,22.6,143.3,0
1061,0.7,307.6,1.2,33.5,17,265.4,115.2,50.5,848.6,8.4,103.9,112.9,0,1,47.8,49,160.3,BIHAR,2014,33.5,160.4,1.2
872.7,38.7,287,0,1.8,12.8,231.5,122.1,14.6,742.3,27.2,39.5,105.5,0,1,10.4,10.4,101.7,BIHAR,2015,1.8,101.7,0
873.2,1.1,285.6,2.1,31.3,62.6,226.5,21.8,93.9,749.3,8.2,13.6,22.9,0.1,1,4.9,7.1,215.4,EAST UTTAR PRADESH,1901,31.3,215.4,2.1
905.2,2,155.4,0,2.3,6.1,411.5,32.5,8.3,856.6,2.4,21.4,25.9,1.2,1,13.2,14.5,257.2,EAST UTTAR PRADESH,1902,2.2,257.2,0.1
1216.4,0.7,420.2,0,0.4,8.2,115.3,71.6,8.6,865.8,1.3,15.3,17.3,0,1,324.7,324.7,258.7,EAST UTTAR PRADESH,1903,0.4,258.7,0
1071.2,0.4,328.8,26.3,1.5,7.3,359.4,148,8.8,931.1,8.3,28.7,37.4,17,1,50.6,93.9,95,EAST UTTAR PRADESH,1904,1.5,94.9,26.3
891.6,5.4,316.2,1.6,23.6,16.8,302.4,17.3,40.5,805.4,20,15.4,40.9,0,1,3.3,4.9,169.5,EAST UTTAR PRADESH,1905,23.7,169.5,1.6
997.7,0,290.9,0.1,58.2,5.7,341.2,140.6,64,908.2,6.7,13.5,20.3,0,1,5.1,5.2,135.5,EAST UTTAR PRADESH,1906,58.3,135.5,0.1
666.3,20.3,290.9,0.1,74.9,2.1,173.5,48.6,77,538.6,19.2,11.1,50.5,0,1,0,0.1,25.7,EAST UTTAR PRADESH,1907,74.9,25.6,0.1
744.7,0.8,304,0.3,15.7,19.2,230.5,63.3,34.9,683.9,7.7,5.2,13.7,0,1,11.9,12.2,86.1,EAST UTTAR PRADESH,1908,15.7,86.1,0.3
1106.9,66.6,206.9,20.5,5.4,8.4,399,248.9,13.9,990.2,0,6.6,73.2,0,1,9,29.5,135.3,EAST UTTAR PRADESH,1909,5.5,135.4,20.5
1116.4,1.6,341.4,0.2,0.2,4.4,231.1,163.8,4.6,949.8,0.5,28.6,30.8,28,1,103,131.2,213.5,EAST UTTAR PRADESH,1910,0.2,213.5,0.2
1113.9,2.2,320.7,0.1,0.1,40.1,85.9,121.8,40.2,901.8,29.1,4,35.3,37.1,1,99.4,136.6,373.4,EAST UTTAR PRADESH,1911,0.1,373.4,0.1
879.6,5.7,279.1,0.5,7.3,16,336.5,60.6,23.4,793.8,6.5,18.8,31,30.2,1,0.7,31.4,117.6,EAST UTTAR PRADESH,1912,7.4,117.6,0.5
861.4,0.5,200,14.5,37.1,0.6,222,175,37.7,692.6,32,68.7,101.2,0,1,15.5,29.9,95.7,EAST UTTAR PRADESH,1913,37.1,95.6,14.4
988.8,8.3,346.1,0.2,16.1,1.3,407.7,37.2,17.3,883.1,21.8,55.3,85.4,0.1,1,2.6,2.9,92.1,EAST UTTAR PRADESH,1914,16,92.1,0.2
1409.8,5.8,417.2,1.9,45.5,12.5,285.4,107.9,58,1197.9,25.6,20.1,51.5,1.9,1,98.6,102.5,387.4,EAST UTTAR PRADESH,1915,45.5,387.4,2
1201.9,6.9,351.2,0,20.1,0,314.8,243.5,20.1,1106.9,0,7.3,14.2,5.1,1,55.5,60.7,197.4,EAST UTTAR PRADESH,1916,20.1,197.4,0.1
1216.5,3.9,230,4.6,32.2,7.9,356.7,171.4,40.2,1060.3,8.4,43.8,56,0,1,55.4,60,302.2,EAST UTTAR PRADESH,1917,32.3,302.2,4.6
650.7,4.3,261.6,0.9,0.1,0.6,110.4,142,0.7,618.1,5.3,20.3,29.9,1.1,1,0.1,2.1,104,EAST UTTAR PRADESH,1918,0.1,104.1,0.9
1023.4,6.5,237.4,4.4,9.6,46.2,347.4,68.8,55.7,882.5,2.9,12.2,21.5,0.1,1,59.1,63.6,228.9,EAST UTTAR PRADESH,1919,9.5,228.9,4.4
860.2,0.8,161.4,0,12.5,0,468.4,86.2,12.6,814.2,13.6,16,30.3,0,1,3.1,3.1,98.2,EAST UTTAR PRADESH,1920,12.6,98.2,0
1114.7,8.5,460.7,1,0.7,41.2,203.6,166.8,41.9,1049.3,2.5,0.5,11.5,0,1,11.1,12.1,218.2,EAST UTTAR PRADESH,1921,0.7,218.2,1
1364,4.4,438.1,15.5,5.7,27.6,436.8,130.2,33.4,1304.1,0,2.9,7.3,0.6,1,3.1,19.2,299.1,EAST UTTAR PRADESH,1922,5.8,299,15.5
1076.2,0.1,340.5,16.2,38.1,1.2,276.6,41.9,39.3,920.7,0.1,5.4,5.7,1,1,93.2,110.5,261.7,EAST UTTAR PRADESH,1923,38.1,261.7,16.3
1119.9,0.2,239.9,8.3,7.3,11.5,500.9,42.1,18.8,1049.2,1,2.2,3.4,11.1,1,29.2,48.6,266.3,EAST UTTAR PRADESH,1924,7.3,266.3,8.3
1114.1,16.7,236.3,0,0,5.2,443.9,140.8,5.2,1054.1,0.4,20.9,37.9,10.9,1,6,16.9,233.1,EAST UTTAR PRADESH,1925,0,233.1,0
989.5,14,259.8,1.5,2.5,11.3,365.5,18.7,13.8,869.3,44.6,19,77.6,0.5,1,26.8,28.8,225.2,EAST UTTAR PRADESH,1926,2.5,225.3,1.5
1031.2,1.6,306.3,3.9,21.3,6.4,280.5,67.8,27.7,806.4,15.5,29.7,46.9,72.9,1,73.4,150.2,151.8,EAST UTTAR PRADESH,1927,21.3,151.8,3.9
804.8,12.7,112.1,15.1,84.3,24.9,290.8,118.4,109.2,586.5,0.7,11.7,25.1,0.3,1,68.6,84,65.2,EAST UTTAR PRADESH,1928,84.3,65.2,15.1
1014.8,1.7,354.6,43,1.4,42.4,286.7,163.7,43.8,853.5,13,6.6,21.2,0,1,53.3,96.3,48.5,EAST UTTAR PRADESH,1929,1.4,48.5,43
1069.5,3.5,265,13.4,16.8,11.3,367,54.2,28.1,971.1,5.2,6.1,14.8,3.5,1,38.6,55.6,284.8,EAST UTTAR PRADESH,1930,16.8,284.9,13.5
1047.1,0.2,240.2,0.1,27.4,0.5,297,36.8,27.9,905.9,1.8,8.6,10.6,0.2,1,102.3,102.7,332,EAST UTTAR PRADESH,1931,27.4,331.9,0.2
738.5,1.4,287.4,2.9,5.5,0,170.1,89.4,5.5,672.6,2.2,7.6,11.2,29.5,1,16.8,49.2,125.7,EAST UTTAR PRADESH,1932,5.5,125.7,2.9
977.5,37,247.3,0,18.5,14.8,223.7,128,33.3,757.1,2.9,46.8,86.6,0,1,100.5,100.5,158.1,EAST UTTAR PRADESH,1933,18.5,158.1,0
1068.4,1,257.3,3.9,1.6,33.7,360.7,148.7,35.3,1003.1,12.5,1.5,15,1.5,1,9.5,14.9,236.4,EAST UTTAR PRADESH,1934,1.6,236.4,3.9
919.8,10.8,325.3,14.6,18,19.9,259,73.9,37.9,856.2,0,0.2,11.1,0,1,0,14.6,198.1,EAST UTTAR PRADESH,1935,18,198,14.6
1545.5,4.6,354.2,18.4,31.1,6.3,598.8,219.5,37.4,1425.1,4.1,24.2,32.8,3.3,1,28.4,50.1,252.5,EAST UTTAR PRADESH,1936,31.1,252.6,18.4
1035.3,6,363.9,3.3,58.3,0,313.5,94.9,58.3,874.6,1.4,21.2,28.6,0.1,1,70.5,73.9,102.2,EAST UTTAR PRADESH,1937,58.3,102.3,3.3
1374.2,1.7,378.9,0,11.5,24.5,376.8,285.7,36,1265.6,0,37.4,39.1,0.3,1,33.1,33.4,224.2,EAST UTTAR PRADESH,1938,11.5,224.2,0
945,1.1,227.6,0,21,14,284.4,146.8,35,881.5,4.3,2.5,7.9,0,1,20.7,20.7,222.6,EAST UTTAR PRADESH,1939,21,222.7,0
866.8,5,315.2,25.8,20.9,8.3,256.7,66.2,29.2,759.1,31.5,10.5,46.9,0,1,5.9,31.7,121,EAST UTTAR PRADESH,1940,20.9,121,25.8
798.2,0.2,297.5,0,5.6,19,142.8,138.3,24.6,749.7,0.4,19.1,19.7,0.2,1,4,4.2,171,EAST UTTAR PRADESH,1941,5.6,171.1,0
1028.6,4.7,312.4,6.2,55.8,56.2,277.8,99.6,111.9,892.8,7.9,4.9,17.5,0,1,0.2,6.4,203,EAST UTTAR PRADESH,1942,55.7,203,6.2
1101.1,20.7,444.4,0,7.3,24.3,231.3,75.4,31.6,1017.5,0.1,15.6,36.5,0,1,15.4,15.4,266.5,EAST UTTAR PRADESH,1943,7.3,266.4,0
1061.5,12.4,304.7,3.2,41.6,19.2,278.4,105.9,60.8,867.5,63.7,6.3,82.3,0,1,47.5,50.8,178.5,EAST UTTAR PRADESH,1944,41.6,178.5,3.3
980.4,14.9,211.5,5.7,1.8,46.5,239.3,70.3,48.3,789,1.7,12,28.5,0,1,108.9,114.6,267.9,EAST UTTAR PRADESH,1945,1.8,267.9,5.7
1038.9,26.9,219.5,2,25.7,0,395.5,88.2,25.7,845.8,0.5,35,62.4,10.5,1,92.5,105,142.6,EAST UTTAR PRADESH,1946,25.7,142.6,2
1006.3,0.7,229.5,1.6,7.3,17.3,419.4,88,24.6,925.9,11.3,14.5,26.5,0,1,27.7,29.3,189,EAST UTTAR PRADESH,1947,7.3,189,1.6
1323.1,0.7,391.7,0,9.9,28.3,420.4,100.2,38.2,1187.8,0.5,14,15.3,15.1,1,66.8,81.9,275.5,EAST UTTAR PRADESH,1948,9.9,275.5,0
1131,3.8,352.4,0,41.3,3.8,287.8,52.7,45.1,965.2,1.2,28.5,33.5,0.5,1,86.7,87.2,272.4,EAST UTTAR PRADESH,1949,41.3,272.3,0
951.4,0.2,366.8,25.1,7.5,28.8,250.9,147.1,36.3,856,19.8,10.6,30.6,0.1,1,3.3,28.6,91.2,EAST UTTAR PRADESH,1950,7.5,91.2,25.2
752.5,6.1,247.4,0.1,10.9,27.4,139.2,114.4,38.3,669.3,21.6,2.5,30.2,2,1,12.7,14.8,168.3,EAST UTTAR PRADESH,1951,10.9,168.3,0.1
935.9,2.7,350.1,2.6,12.8,2.8,161.9,244.8,15.6,867.5,33.7,9.4,45.8,0,1,4.4,7.1,110.8,EAST UTTAR PRADESH,1952,12.8,110.7,2.7
1266.9,3.4,323.7,1.7,6.3,32.4,497.5,138.4,38.7,1203.3,1.3,14.9,19.6,0,1,3.6,5.3,243.6,EAST UTTAR PRADESH,1953,6.3,243.7,1.7
969.7,0,300.4,0.2,32.1,36.5,309.9,65.2,68.6,862,1.7,3.6,5.2,0,1,33.6,33.8,186.5,EAST UTTAR PRADESH,1954,32.1,186.5,0.2
1424.3,1.9,310.8,0.1,9.6,34.4,529.9,202.1,44,1273.6,1.2,4.5,7.6,0,1,99.1,99.2,230.7,EAST UTTAR PRADESH,1955,9.6,230.8,0.1
1254.1,1.2,281.1,8.7,5.7,21.5,220.3,165.2,27.2,959,12.3,39.7,53.1,38.9,1,167.2,214.9,292.3,EAST UTTAR PRADESH,1956,5.7,292.4,8.8
955.7,1,293.5,5.4,0.4,44.2,367.3,56.4,44.6,880.5,18,1,20,0.1,1,5.1,10.5,163.3,EAST UTTAR PRADESH,1957,0.4,163.3,5.3
1016.9,4.4,388.5,2.9,3.2,14.6,247.3,52.6,17.8,872.8,5.8,1.3,11.5,0,1,111.9,114.8,184.4,EAST UTTAR PRADESH,1958,3.2,184.4,2.9
869.2,4.1,274.6,0,4.2,53.2,234.1,44.4,57.4,639,4.8,36,44.9,2,1,125.9,127.9,85.9,EAST UTTAR PRADESH,1959,4.2,85.9,0
1170,2.9,317.2,0,0.1,9.6,411,75.2,9.7,977.8,36.3,5.9,45.1,0.6,1,136.7,137.4,174.5,EAST UTTAR PRADESH,1960,0.1,174.4,0.1
1214.3,1.6,407,11.9,25.6,24.7,285.1,92.7,50.3,939.6,0,6.6,8.3,0.6,1,203.5,216,154.8,EAST UTTAR PRADESH,1961,25.6,154.8,11.9
1072,4.8,428.1,5.4,17,28.6,226.3,81.7,45.6,1001.4,9.2,3.2,17.2,0,1,2.3,7.7,265.4,EAST UTTAR PRADESH,1962,17,265.3,5.4
996.3,8.6,339.9,1.7,2.4,14.8,320.8,99.9,17.1,906.7,10,19.4,38,8,1,24.9,34.5,146.1,EAST UTTAR PRADESH,1963,2.3,146.1,1.6
1036.6,3.7,179.9,8.5,6.6,1.6,398.7,82.9,8.2,953.6,0.2,43.4,47.3,0.8,1,18.3,27.6,292.2,EAST UTTAR PRADESH,1964,6.6,292.1,8.5
685.5,19.3,213.6,1.2,0.7,2.1,204.5,21.4,2.8,601.1,9.9,2.7,32,0.5,1,47.9,49.6,161.7,EAST UTTAR PRADESH,1965,0.7,161.6,1.2
707.8,0,274.3,11.1,8.8,13.5,149.3,185.7,22.3,632.5,0.2,8.4,8.6,18.3,1,15,44.4,23.1,EAST UTTAR PRADESH,1966,8.8,23.2,11.1
1029.4,9.2,443.3,31,0.1,2.1,264.7,81,2.2,945,30.5,8.1,47.8,0.7,1,2.7,34.4,155.9,EAST UTTAR PRADESH,1967,0.1,156,31
840,2.6,251.1,2.3,5.5,28.8,311.3,95.1,34.3,761.8,4.5,1.7,8.8,0,1,32.9,35.2,104.1,EAST UTTAR PRADESH,1968,5.5,104.3,2.3
1024.6,7,322.2,0,2.6,2.8,370.1,59.2,5.4,952,2.9,37.3,47.2,13.3,1,6.8,20,200.5,EAST UTTAR PRADESH,1969,2.6,200.5,-0.1
1132.3,2.1,226.1,0,41.3,31.3,197.9,178.1,72.6,967.5,8.4,30.3,40.8,0.1,1,51.2,51.4,365.5,EAST UTTAR PRADESH,1970,41.3,365.4,0.1
1311.1,39.6,386.7,0,11.6,15.7,295.3,202.5,27.3,1106.3,7.1,54.5,101.3,0.5,1,75.8,76.3,221.8,EAST UTTAR PRADESH,1971,11.6,221.8,0
666.9,1.1,208.3,0.4,23.4,9.7,185.8,26.9,33.1,588.9,3,1,5.1,14.8,1,24.6,39.7,167.8,EAST UTTAR PRADESH,1972,23.4,167.9,0.3
955.7,0,257.8,0.1,18.3,11.7,245.1,119.7,30,797,0.7,17.9,18.7,0.1,1,109.7,110,174.5,EAST UTTAR PRADESH,1973,18.3,174.4,0.2
882.2,0.2,257.4,13.7,3.2,0.5,375.6,53.3,3.7,813,4.9,7,12.1,1.5,1,38.2,53.4,126.6,EAST UTTAR PRADESH,1974,3.2,126.7,13.7
1225.5,0.8,312.5,0,7.6,13.5,405.9,234.9,21.1,1142.2,13.1,8,21.9,0,1,40.3,40.3,188.9,EAST UTTAR PRADESH,1975,7.6,188.9,0
923.5,5.7,309.3,0.1,3.5,6.1,254,61.4,9.5,879.5,0.2,23.4,29.4,0.3,1,4.8,5.2,254.8,EAST UTTAR PRADESH,1976,3.4,254.8,0.1
914.1,9.8,193.5,15.1,3.7,10.3,397.2,57.9,14.1,777.1,0.1,30.9,40.8,0.7,1,66.4,82.2,128.5,EAST UTTAR PRADESH,1977,3.8,128.5,15.1
1116.3,9.6,262.6,3.9,27.2,27.9,327.2,187.1,55,995.9,31.6,6.5,47.8,1.6,1,12.2,17.6,219.1,EAST UTTAR PRADESH,1978,27.1,219,3.8
696.5,6.8,118.1,9.6,30.6,27.6,320.6,85.2,58.2,555.5,2.3,12,21.1,33.6,1,18.5,61.7,31.6,EAST UTTAR PRADESH,1979,30.6,31.6,9.6
1488.5,0.3,449.7,10.7,4.2,3,553.1,153.4,7.1,1426,8.9,15.5,24.7,0.2,1,19.8,30.7,269.8,EAST UTTAR PRADESH,1980,4.1,269.8,10.7
1110.1,4.8,216.8,3.1,3.7,19.6,436,80,23.3,1025.7,11.8,29.2,45.8,10.9,1,1.4,15.4,293,EAST UTTAR PRADESH,1981,3.7,292.9,3.1
1110.6,11.1,316.6,5,9.9,34.7,215.2,120.1,44.6,933.8,40.3,44.9,96.3,20.5,1,10.4,35.9,281.9,EAST UTTAR PRADESH,1982,9.9,281.9,5
1204.8,24.9,242.5,19.6,1.6,20,271,104.2,21.6,981.9,0.7,45.9,71.5,0,1,110.4,129.9,364.2,EAST UTTAR PRADESH,1983,1.6,364.2,19.5
1076.7,9.4,203.7,4.7,23.5,24,329.7,286.9,47.5,984.4,1.4,10.7,21.6,0,1,18.5,23.3,164.1,EAST UTTAR PRADESH,1984,23.5,164.1,4.8
1175.9,2.2,215.7,13.2,0,20.8,351.8,69.7,20.8,970.5,0.5,10.4,13.1,0,1,158.3,171.6,333.3,EAST UTTAR PRADESH,1985,0,333.3,13.3
935.3,5.6,245.3,42.5,36.5,7.1,301,116.9,43.5,784.4,0.9,26,32.4,1,1,31.6,75,121.2,EAST UTTAR PRADESH,1986,36.4,121.2,42.4
824.7,6.4,167.6,3.5,6.4,11.1,215.9,20.7,17.5,693.7,2.6,22.2,31.3,0,1,78.7,82.2,289.5,EAST UTTAR PRADESH,1987,6.4,289.5,3.5
1085.1,14,365,18.5,11.1,2.3,375.4,107,13.4,949.7,17.4,17.4,48.8,0,1,54.7,73.2,102.3,EAST UTTAR PRADESH,1988,11.1,102.3,18.5
969.9,0,194.7,13.6,4.3,14.5,370.7,138.4,18.8,911.3,9.3,7.3,16.6,1.8,1,7.9,23.2,207.4,EAST UTTAR PRADESH,1989,4.3,207.5,13.5
1106.1,1.8,212.2,7.4,42.6,0,488.8,135.7,42.6,990.6,9.5,42.3,53.6,0,1,12,19.3,153.9,EAST UTTAR PRADESH,1990,42.6,153.9,7.3
875.2,3.9,395.9,18.3,10.9,8.6,123,98.2,19.5,818.7,7.9,4.1,15.9,2.7,1,0.2,21.1,201.6,EAST UTTAR PRADESH,1991,10.9,201.6,18.2
863.4,1.2,233.2,0,8.7,9,243.3,51.4,17.7,719,0.3,14,15.5,7.3,1,103.9,111.2,191.1,EAST UTTAR PRADESH,1992,8.7,191.1,0
834,8.9,206.6,0.3,5.1,1.7,142.6,162.5,6.8,752.4,23.2,33.9,66.1,0.5,1,7.8,8.6,240.7,EAST UTTAR PRADESH,1993,5.1,240.7,0.3
910.2,9.5,300.1,0,24.7,22.2,230.8,127.5,46.9,835.8,0.1,7.6,17.3,0.3,1,10,10.2,177.5,EAST UTTAR PRADESH,1994,24.7,177.4,-0.1
860.5,2,290.4,8.4,23.1,19.2,173,133.8,42.3,784.5,1.9,2.1,6.1,16.7,1,2.4,27.6,187.2,EAST UTTAR PRADESH,1995,23.1,187.3,8.5
1010.3,2.5,337.9,0,39.6,55.6,201,145.1,95.2,831,0.6,1.2,4.3,0,1,79.8,79.8,147.1,EAST UTTAR PRADESH,1996,39.6,147,0
493.3,13.3,41.5,10.8,0.4,6,291.3,69.5,6.4,434.3,0.6,15.8,29.7,4.1,1,8.1,23,32.1,EAST UTTAR PRADESH,1997,0.4,32,10.8
661,6.6,247,0,8.6,9.5,218.3,55.4,18.1,584.4,14.2,20.1,41,3,1,14.5,17.5,63.8,EAST UTTAR PRADESH,1998,8.6,63.7,0
952.8,0.2,261.5,2,6.8,8.7,254.2,112.6,15.5,839.4,0,23.6,23.8,1,1,71,74.1,211.1,EAST UTTAR PRADESH,1999,6.8,211.1,2.1
946.8,10.5,204.7,0.2,5.3,2.6,240.9,199.1,7.9,867.4,2.9,38.6,52,18.1,1,1.3,19.5,222.7,EAST UTTAR PRADESH,2000,5.3,222.7,0.1
973.8,4.2,185.9,0,1.4,1.1,294,229,2.6,860.9,1.3,26.7,32.2,2.8,1,75.3,78.1,152.1,EAST UTTAR PRADESH,2001,1.5,152,0
689.1,2.5,212.1,2.7,26.1,15,101.7,50.6,41.1,591.1,0.6,29.2,32.2,1.4,1,20.6,24.7,226.7,EAST UTTAR PRADESH,2002,26.1,226.7,2.7
1096.4,8.8,301.4,9.3,36.9,13.8,255.2,124.9,50.7,1015.3,2.6,2,13.4,0,1,7.6,16.9,333.8,EAST UTTAR PRADESH,2003,36.9,333.8,9.3
746.9,8.7,147.6,0.1,1.8,22.8,219.5,161,24.6,654.6,0,25.8,34.5,0.1,1,33,33.2,126.5,EAST UTTAR PRADESH,2004,1.8,126.5,0.1
770.3,0.9,227.3,2.9,14,14,290.3,57.5,28,694.8,10.3,8,19.2,0,1,25.2,28.2,119.7,EAST UTTAR PRADESH,2005,14,119.7,3
632.1,7.8,146.7,1.5,0,0,269.1,107.4,0,574.8,10.7,27.1,45.6,1.2,1,9.1,11.8,51.5,EAST UTTAR PRADESH,2006,0,51.6,1.5
741.2,3.2,180.4,1.1,46.6,0.1,265.2,64.5,46.7,621.6,25.8,28.3,57.2,0,1,14.6,15.7,111.5,EAST UTTAR PRADESH,2007,46.6,111.5,1.1
953.4,3,239.6,0,2.4,3.1,341.6,223.7,5.5,917.6,0.2,16.1,19.3,0.6,1,10.3,10.9,112.7,EAST UTTAR PRADESH,2008,2.4,112.7,0
610.2,0.6,177,3,1.1,0,149.4,29.9,1.1,496,0.8,22.8,24.2,4.9,1,80.9,88.9,139.6,EAST UTTAR PRADESH,2009,1.1,139.7,3.1
692.2,0,215.9,0.1,10,2.2,220.8,23.9,12.2,645.2,0,14.7,14.7,4.5,1,15.5,20.1,184.5,EAST UTTAR PRADESH,2010,10,184.6,0.1
781.2,2.9,232.1,0,2.7,1,197.9,163.8,3.7,740.2,1.6,32.2,36.7,0,1,0.6,0.6,146.4,EAST UTTAR PRADESH,2011,2.7,146.4,0
602.7,2.8,156,0.7,1.2,20.3,234.2,18.5,21.5,573.1,3.4,0.2,6.4,0.3,1,0.7,1.8,164.4,EAST UTTAR PRADESH,2012,1.2,164.4,0.8
1041.4,8.7,246.1,1.1,59.6,6.1,230,309.7,65.8,864,2.7,1.1,12.6,0.5,1,97.4,99,78.2,EAST UTTAR PRADESH,2013,59.7,78.2,1.1
701.2,1.7,138.1,8.4,25.8,47.4,224.5,47.8,73.3,517.1,15.4,10.7,27.7,0,1,74.7,83.1,106.7,EAST UTTAR PRADESH,2014,25.9,106.7,8.4
603.3,23.2,175.8,4.9,4.1,30,179,95.3,34.1,472,48.2,8.6,80,0.5,1,11.8,17.2,21.9,EAST UTTAR PRADESH,2015,4.1,21.9,4.9
775.9,0.7,374.3,7.9,25.6,51.4,201.9,23.8,76.9,667.7,9.5,5.6,15.8,0,1,7.6,15.4,67.7,WEST UTTAR PRADESH,1901,25.5,67.7,7.8
736.6,4.8,180.6,0.2,4.6,4.6,325.9,54.5,9.2,704.1,0.6,7.2,12.7,0.9,1,9.6,10.6,143.1,WEST UTTAR PRADESH,1902,4.6,143.1,0.1
808.4,0,279.1,0.4,0.4,13.4,145.4,32.7,13.7,607.6,1.2,8.2,9.4,0,1,177.3,177.6,150.4,WEST UTTAR PRADESH,1903,0.3,150.4,0.3
945.2,0.4,311.1,28.2,2,6.3,358.8,68.5,8.2,835.5,29.7,24.8,54.9,15.7,1,2.7,46.6,97.1,WEST UTTAR PRADESH,1904,1.9,97.1,28.2
433.5,3.6,95,2.9,26.6,32.3,139.8,18.9,59,345.9,14.8,7.1,25.5,0,1,0.2,3.1,92.2,WEST UTTAR PRADESH,1905,26.7,92.2,2.9
978.7,0.2,172.6,5.7,63.2,3.3,240.5,206.5,66.5,880.2,21.5,3.4,25.2,0,1,1.1,6.8,260.6,WEST UTTAR PRADESH,1906,63.2,260.6,5.7
589.5,27.2,263.9,0,64.8,13.8,176.5,15.8,78.6,456.6,17.6,9.6,54.4,0,1,0,0,0.5,WEST UTTAR PRADESH,1907,64.8,0.4,0
866.3,1.9,409.1,1.3,11.4,22.4,325.2,44.4,33.9,814.6,1.7,12,15.7,0.7,1,0.2,2.2,35.8,WEST UTTAR PRADESH,1908,11.5,35.9,1.3
903,69,155.1,31.4,6.1,16.7,350.6,163.3,22.8,775.8,0.1,2.8,71.9,0,1,1.1,32.5,106.8,WEST UTTAR PRADESH,1909,6.1,106.8,31.4
875.9,1.4,274.5,0.4,2.5,11.1,120.3,88,13.6,688.3,0,13.5,15,9.1,1,149.5,159,205.4,WEST UTTAR PRADESH,1910,2.5,205.5,0.4
751.6,0.8,135.6,0.6,0.5,63.8,57.4,58.8,64.3,598,31.6,0.3,32.6,38.9,1,17.2,56.7,346.2,WEST UTTAR PRADESH,1911,0.5,346.2,0.6
804.5,4.1,224.8,1.4,6,24.5,238.1,27.5,30.5,745.2,8.5,5,17.7,9.5,1,0.1,11,254.8,WEST UTTAR PRADESH,1912,6,254.8,1.4
495.3,1.8,101.2,6.4,37.4,0.2,123.7,124.2,37.6,368.9,27,52,80.8,0.7,1,0.9,8,19.7,WEST UTTAR PRADESH,1913,37.4,19.8,6.4
887.5,17.9,195.6,0,8.5,0.1,335.2,48.3,8.5,791.9,21.8,30.5,70.2,5.5,1,11.3,16.9,212.8,WEST UTTAR PRADESH,1914,8.4,212.8,0.1
802.5,7.4,241.3,1.8,60.7,20.2,196,58.5,80.9,631.7,50.3,11.9,69.6,0,1,18.4,20.2,136,WEST UTTAR PRADESH,1915,60.7,135.9,1.8
1114.2,2.5,356.9,0,17.9,0.1,299.7,139.9,18,1027,0,10.4,13,7.4,1,48.9,56.3,230.5,WEST UTTAR PRADESH,1916,17.9,230.5,0
1120.2,16.8,235.5,3.5,25.6,9.7,298.1,101.8,35.3,924.3,11.7,48.5,77,0,1,80.1,83.6,288.9,WEST UTTAR PRADESH,1917,25.6,288.9,3.5
371.9,4.9,161,0.6,0.7,7.2,72.9,83.6,7.9,337.8,10.9,5.5,21.4,4.1,1,0.2,4.8,20.3,WEST UTTAR PRADESH,1918,0.7,20.3,0.5
969.1,5.8,381.6,14.7,4.4,68.6,311.4,19.5,73,842.1,3.3,14.2,23.4,3.7,1,12.1,30.5,129.6,WEST UTTAR PRADESH,1919,4.4,129.6,14.7
622.8,0.4,88.2,0,9.3,5.2,332.4,128.1,14.5,576.8,9.7,19.6,29.7,0,1,1.8,1.8,28.1,WEST UTTAR PRADESH,1920,9.3,28.1,0
992.3,3.4,384.6,0.3,0.7,50,164.5,141.8,50.7,923.7,1.1,0.5,5.1,0,1,12.6,12.9,232.7,WEST UTTAR PRADESH,1921,0.7,232.8,0.3
1000.8,1.6,336.9,20.4,4.1,36.8,326.3,77.6,40.9,931.6,0,2.6,4.1,0.9,1,2.9,24.2,190.7,WEST UTTAR PRADESH,1922,4.1,190.8,20.4
902.3,0,350.4,36.4,39.7,4.9,209.8,8.1,44.6,772.4,0.3,7.4,7.8,1.4,1,39.7,77.5,204.1,WEST UTTAR PRADESH,1923,39.7,204.1,36.4
1064.1,0.2,256.6,23.4,20.3,29.1,308.8,17.8,49.4,938,2.2,7.7,10.2,1.6,1,41.7,66.6,354.7,WEST UTTAR PRADESH,1924,20.3,354.8,23.3
943.8,5.5,227,0,0.2,4.2,403.3,207.5,4.4,896.3,0.1,12.5,18.1,19.8,1,5.3,25.1,58.5,WEST UTTAR PRADESH,1925,0.2,58.5,0
917,14.6,312.4,0.4,8.2,13,282.3,15.9,21.1,778.8,53.7,24.9,93.2,1.3,1,22.2,23.8,168.2,WEST UTTAR PRADESH,1926,8.1,168.2,0.3
934.2,4.4,316,13.4,23,0,252.6,73.4,23,708.6,19.2,19.1,42.7,42,1,104.4,159.9,66.7,WEST UTTAR PRADESH,1927,23,66.6,13.5
644.6,7.8,85.1,18.9,89.9,28.6,262.4,55.9,118.5,437.1,1.9,8.6,18.4,8.6,1,43.2,70.7,33.7,WEST UTTAR PRADESH,1928,89.9,33.7,18.9
650.1,5.7,234.7,32.2,2.5,26.3,210.7,83,28.7,561,1.9,1.5,9.1,0.8,1,18.4,51.3,32.7,WEST UTTAR PRADESH,1929,2.4,32.6,32.1
788.1,2.6,219.7,4,18.3,23.8,369.6,64,42.1,703.6,0.6,4.3,7.4,0.2,1,30.9,35.1,50.4,WEST UTTAR PRADESH,1930,18.3,50.3,4
930.8,0.4,224.3,0.2,25.9,0.5,217,16.2,26.4,807,6.3,6.3,12.9,0.2,1,84,84.4,349.5,WEST UTTAR PRADESH,1931,25.9,349.5,0.2
706,4.2,178.7,7.9,4.2,0,175.3,24.3,4.2,665.1,13,2.9,20.1,8.6,1,0.1,16.6,286.7,WEST UTTAR PRADESH,1932,4.2,286.8,7.9
1035.3,19.6,224,1.4,14.7,5.5,205.5,239,20.2,868,6,33.3,58.9,1,1,85.9,88.3,199.6,WEST UTTAR PRADESH,1933,14.7,199.5,1.4
897.7,1,343.3,11.1,1.8,28.1,217.2,120.7,29.9,825.3,27.7,0.9,29.6,0.8,1,1,12.9,144.1,WEST UTTAR PRADESH,1934,1.8,144.1,11.1
784.6,15.9,170.9,26.5,22,28.4,321.4,16.8,50.3,683.7,2.8,0.2,19,2.9,1,2.3,31.7,174.6,WEST UTTAR PRADESH,1935,21.9,174.6,26.5
1218.4,2.5,284.1,28.6,16.9,3.5,353.9,291.2,20.3,1123.3,11.9,17.5,31.9,12.9,1,1.5,42.9,194.1,WEST UTTAR PRADESH,1936,16.8,194.1,28.5
676.7,11.5,164.8,10.7,64.6,0.3,211.8,66.1,64.9,574.3,1.8,10.5,23.7,0.9,1,2.2,13.8,131.7,WEST UTTAR PRADESH,1937,64.6,131.6,10.7
730.4,1.1,182.2,0,5.9,39.2,273.6,158.8,45.1,657.2,0.1,7.9,9.1,0.5,1,18.5,19,42.6,WEST UTTAR PRADESH,1938,5.9,42.6,0
721.1,0.6,101.7,0,21.2,8,235.5,130.2,29.2,678.9,6.3,2.9,9.8,0,1,3.2,3.2,211.5,WEST UTTAR PRADESH,1939,21.2,211.5,0
783.9,5.8,348.7,15.8,39.3,21.1,232.4,40.4,60.4,675.5,19.1,5.7,30.6,0.2,1,1.5,17.4,53.9,WEST UTTAR PRADESH,1940,39.3,54,15.7
516.4,0,221.6,2,8.3,35.6,56.2,87.6,43.9,448.4,1.6,16,17.6,0,1,4.4,6.5,83,WEST UTTAR PRADESH,1941,8.3,83,2.1
1088.2,5.9,320.1,13.7,54.3,33.2,362.4,98,87.5,974.4,1.3,5.4,12.6,0,1,0,13.7,193.9,WEST UTTAR PRADESH,1942,54.3,193.9,13.7
850.4,13.9,379.5,0.1,0.5,25.8,186.6,75.7,26.2,791.7,2.8,11.2,27.9,0,1,4.5,4.6,149.8,WEST UTTAR PRADESH,1943,0.4,149.9,0.1
770.3,25.1,183.2,1.2,43.2,32.3,255.4,76.5,75.6,602.2,44.4,0.4,69.9,0.6,1,21,22.7,87.1,WEST UTTAR PRADESH,1944,43.3,87.1,1.1
966,4.6,260,0.1,0,35.5,309.5,31,35.5,879.4,0.5,4.4,9.5,0,1,41.6,41.7,278.8,WEST UTTAR PRADESH,1945,0,278.9,0.1
896.6,11.9,277.6,6.7,19.3,0.1,378.2,92.2,19.4,787.9,0.7,20.4,33,18.2,1,31.5,56.4,40,WEST UTTAR PRADESH,1946,19.3,39.9,6.7
809.2,0.2,197.8,7.4,12.2,18.1,237.3,47.4,30.4,746.1,11,2.9,14.1,0,1,11.1,18.5,263.6,WEST UTTAR PRADESH,1947,12.3,263.6,7.4
1028.1,0.3,422.8,0.5,18.8,37.2,310.3,9.2,56,922,11.9,5.3,17.4,9.6,1,22.5,32.7,179.7,WEST UTTAR PRADESH,1948,18.8,179.7,0.6
906.7,3.2,267.7,0.1,38.3,0.6,339,14.5,38.9,829,3.4,10.7,17.4,0,1,21.3,21.4,207.8,WEST UTTAR PRADESH,1949,38.3,207.8,0.1
834,0.7,311.2,14.8,5.8,21.1,265.9,47.7,26.8,763.3,21.2,7.1,28.9,0,1,0.2,15,138.4,WEST UTTAR PRADESH,1950,5.7,138.5,14.8
728.9,6.6,253.4,0,8.2,16.4,141,31.7,24.6,626,34.9,11.5,53.1,18.7,1,6.5,25.2,199.9,WEST UTTAR PRADESH,1951,8.2,199.9,0
875.3,2.6,379.1,7.3,20,6.6,198.8,190.8,26.5,804.8,23.4,8.1,34.2,0.1,1,2.3,9.7,36.2,WEST UTTAR PRADESH,1952,19.9,36.1,7.3
761.8,5.9,192.8,0.5,0.5,36.9,366.8,64.6,37.5,709.4,0,7.4,13.3,0,1,1.1,1.7,85.1,WEST UTTAR PRADESH,1953,0.6,85.2,0.6
879.3,0.1,222.7,0,67.6,34.9,232.5,40.8,102.5,665,11,0.7,11.8,0,1,99.9,99.9,169,WEST UTTAR PRADESH,1954,67.6,169,0
1060.9,3.3,295.2,0,5.7,44.8,199.4,98.1,50.5,808.9,2.4,2.1,7.7,0,1,193.7,193.7,216.2,WEST UTTAR PRADESH,1955,5.7,216.2,0
1064.4,0.4,289.8,2.6,4.3,23.1,334.7,67.2,27.4,788.5,22.2,12.4,35,4.5,1,206.5,213.6,96.8,WEST UTTAR PRADESH,1956,4.3,96.8,2.6
1005.2,5.4,271.1,12.3,0.3,59.7,282.3,42.3,60,874.6,29.1,2.4,36.8,3.2,1,18.2,33.8,278.9,WEST UTTAR PRADESH,1957,0.3,278.9,12.4
1165.3,5.5,327.3,9.4,2.8,7.7,397.1,42.1,10.5,1013.2,3.5,0.7,9.6,0.2,1,122.4,132,246.7,WEST UTTAR PRADESH,1958,2.8,246.7,9.4
768.3,1.3,281.1,0,3.9,46.3,203.5,18.9,50.2,610.3,5.7,34.1,41.1,16.5,1,50.2,66.6,106.8,WEST UTTAR PRADESH,1959,3.9,106.8,-0.1
1129.8,2.3,391.9,1.9,0,11.6,334.9,64.9,11.7,886.4,33.9,5.8,42.1,0,1,187.7,189.7,94.7,WEST UTTAR PRADESH,1960,0.1,94.7,2
1198.3,2.1,467.5,10.5,33.1,44.5,302.5,73.4,77.7,956.9,0.1,7.6,9.8,1.9,1,141.4,153.9,113.5,WEST UTTAR PRADESH,1961,33.2,113.5,10.6
798.2,0.8,238,6.1,18.6,34,221.2,45.9,52.6,719.7,15.1,2.2,18.1,1.6,1,0.1,7.8,214.6,WEST UTTAR PRADESH,1962,18.6,214.6,6.1
929.7,3.5,361.4,4.3,5,13.6,165.4,70.9,18.5,877.2,5.2,9.7,18.4,10.9,1,0.3,15.6,279.5,WEST UTTAR PRADESH,1963,4.9,279.5,4.4
1002,0.6,246.7,11.6,0.8,2.3,416.3,38.8,3.1,962.9,1.9,20.2,22.6,0.2,1,1.6,13.4,261,WEST UTTAR PRADESH,1964,0.8,261.1,11.6
673.5,21.1,219.4,0.7,10.4,8,215.4,3.7,18.4,586.9,10.6,10.6,42.2,0,1,25.3,26,148.4,WEST UTTAR PRADESH,1965,10.4,148.4,0.7
756,0.2,356.5,2.9,13,6,146.5,143.3,19,695.6,0.8,20.5,21.5,7.8,1,9.3,19.9,49.3,WEST UTTAR PRADESH,1966,13,49.3,2.8
1157.2,1.3,509.6,61.6,0.1,0.5,263.6,51.8,0.6,1048.6,34.4,3.8,39.4,2.1,1,4.8,68.5,223.5,WEST UTTAR PRADESH,1967,0.1,223.6,61.6
693.3,0.3,205,1.5,8.4,21.8,319.3,46.4,30.2,635.5,10,0.1,10.4,0,1,15.6,17.2,64.7,WEST UTTAR PRADESH,1968,8.4,64.8,1.6
878.1,4.8,262.4,0,3,5.8,311.4,17.1,8.8,822.2,10,16.6,31.4,15.4,1,0.4,15.8,231.2,WEST UTTAR PRADESH,1969,3,231.3,0
863.8,0.1,316.3,0,44.6,37.8,133.6,129,82.3,739.7,9.3,15.5,24.8,0,1,16.9,16.9,160.8,WEST UTTAR PRADESH,1970,44.5,160.8,0
1003.1,11.5,280.5,0,12.5,10.9,284.6,139.1,23.4,830,2.9,44.7,59.2,6.2,1,84.3,90.6,125.7,WEST UTTAR PRADESH,1971,12.5,125.8,0.1
585.1,3.1,211.5,1.6,26.3,4,165.9,31.9,30.3,528.3,4.5,0.4,8,9.4,1,7.5,18.5,119,WEST UTTAR PRADESH,1972,26.3,119,1.6
805.9,0,292,1.7,12.7,7.5,263.5,79.9,20.2,722.4,2.6,7.9,10.5,0.1,1,51,52.8,87.1,WEST UTTAR PRADESH,1973,12.7,87,1.7
668.9,0.1,191.5,18.6,0.7,0.2,356.6,25.8,0.9,601.5,0.8,7.9,8.7,0,1,39.1,57.7,27.6,WEST UTTAR PRADESH,1974,0.7,27.6,18.6
989.5,0.8,245.6,0,7.8,13.4,273.1,159.7,21.2,935.3,7,2.5,10.3,0,1,22.6,22.6,256.9,WEST UTTAR PRADESH,1975,7.8,256.9,0
653.2,2.3,246.1,0.3,11.9,1.5,228.8,69.8,13.4,620,2.9,11,16.2,0.6,1,2.6,3.6,75.2,WEST UTTAR PRADESH,1976,11.9,75.3,0.4
994.3,20,192.3,17.2,2.8,15.9,440.6,78.5,18.7,887.5,0.2,22.7,42.8,0.3,1,27.8,45.3,176.1,WEST UTTAR PRADESH,1977,2.8,176.1,17.2
1244.2,8.3,397,6.2,31.7,6,279.7,206.2,37.7,1127.9,57.1,0.7,66.1,2.7,1,3.5,12.5,244.9,WEST UTTAR PRADESH,1978,31.7,245,6.3
558,2.3,69.7,7.4,48.6,45.1,240.8,56.7,93.7,393.7,10.6,29.9,42.8,18.6,1,1.7,27.8,26.6,WEST UTTAR PRADESH,1979,48.6,26.5,7.5
984.7,0.4,364.4,18.1,4.8,4.5,349.4,104.7,9.2,917.9,19.3,2.2,21.9,1.4,1,16.1,35.6,99.3,WEST UTTAR PRADESH,1980,4.7,99.4,18.1
739.6,1.3,131.4,4.2,5.2,19,314.5,102.2,24.3,650,13.4,22.7,37.5,20.6,1,3.1,27.9,101.9,WEST UTTAR PRADESH,1981,5.3,101.9,4.2
969.1,23.8,403.4,11.6,8.3,30.5,231.1,53.1,38.8,769.4,61.8,40.5,126.2,14.4,1,8.7,34.7,81.8,WEST UTTAR PRADESH,1982,8.3,81.8,11.6
1191.7,59.8,385.5,14,5.4,28.1,306.7,89.7,33.5,994.4,5.5,33.7,99,0,1,50.7,64.7,212.6,WEST UTTAR PRADESH,1983,5.4,212.5,14
781.3,7.4,268.3,0.7,27.5,24.7,200.2,134.5,52.2,719.6,0.6,0.3,8.3,0,1,0.4,1.1,116.6,WEST UTTAR PRADESH,1984,27.5,116.6,0.7
957.2,6.9,221.8,15.2,0,7.5,305.5,44.3,7.5,776,1.7,6.1,14.7,0,1,143.8,159,204.4,WEST UTTAR PRADESH,1985,0,204.4,15.2
715.2,3.9,181,13,46.5,14.8,202.6,95.3,61.3,584.3,5.7,29.8,39.5,2.1,1,15.1,30.1,105.5,WEST UTTAR PRADESH,1986,46.5,105.4,12.9
466.8,1.8,124.2,7.3,13.1,15.2,105,34.6,28.4,356.1,2.7,39.8,44.2,0,1,30.8,38.1,92.4,WEST UTTAR PRADESH,1987,13.2,92.3,7.3
1035.6,8,412.7,9.1,11.4,3.5,318,85.6,14.9,956,26.6,6.1,40.7,0,1,14.9,24,139.6,WEST UTTAR PRADESH,1988,11.4,139.7,9.1
657.3,0,222,14,1.1,24.6,132.1,88.5,25.7,596.1,15.4,1.6,17,4.1,1,0.4,18.4,153.6,WEST UTTAR PRADESH,1989,1.1,153.5,13.9
958,0.7,195.9,17.4,67.5,0,334.2,45.9,67.5,826.4,9.2,29.8,39.7,3.5,1,3.7,24.5,250.4,WEST UTTAR PRADESH,1990,67.5,250.4,17.3
748.7,2.9,406.2,21.7,18.9,2.9,108.6,44.8,21.8,684.3,7.5,2.7,13.1,7.9,1,0,29.6,124.7,WEST UTTAR PRADESH,1991,18.9,124.7,21.7
820.6,0.3,306.1,0,9.7,14.2,196.9,25.9,23.9,708.3,4,7.9,12.1,8.9,1,67.4,76.3,179.4,WEST UTTAR PRADESH,1992,9.7,179.4,0
771.9,1,136.9,0,13.5,3.7,156.6,82,17.1,702.2,21.2,15.2,37.4,0.1,1,15.1,15.1,326.8,WEST UTTAR PRADESH,1993,13.4,326.7,-0.1
806.8,12.4,290.2,0.1,17.3,24,364.3,72.5,41.2,746.6,0,6.5,18.9,0,1,0,0.2,19.7,WEST UTTAR PRADESH,1994,17.2,19.6,0.2
826.8,3.7,389.2,1.9,11.2,30.1,188.3,72.2,41.3,771.7,7.9,0,11.6,0.2,1,0.1,2.2,122.1,WEST UTTAR PRADESH,1995,11.2,122,1.9
941.2,0.4,350.4,0,55.8,24.8,210.3,86.1,80.6,817.5,2.7,3.7,6.9,0,1,36.2,36.2,170.7,WEST UTTAR PRADESH,1996,55.8,170.7,0
445.2,19.2,34.6,11.4,0.7,3.8,235.7,79.9,4.5,374.2,2.4,22.8,44.3,3.2,1,7.5,22.1,24,WEST UTTAR PRADESH,1997,0.7,24,11.4
867.2,9,343.7,0,8.1,3.3,273.4,71.4,11.4,772.7,23.5,10.4,42.9,0.7,1,39.6,40.2,84.2,WEST UTTAR PRADESH,1998,8.1,84.2,-0.1
786.4,0,180.5,0.7,1.1,19.3,215.1,66.3,20.5,723.5,0,8.3,8.3,0.1,1,33.4,34.2,261.6,WEST UTTAR PRADESH,1999,1.2,261.6,0.7
771.4,2.1,238.9,0,22.9,8.8,251.2,143,31.7,712.2,1.7,23.6,27.4,0,1,0,0.1,79.1,WEST UTTAR PRADESH,2000,22.9,79.1,0.1
661.7,12,122.1,0.1,2.3,2.5,282,164.4,4.8,595.2,2.6,29.6,44.2,1.1,1,16.3,17.6,26.7,WEST UTTAR PRADESH,2001,2.3,26.7,0.2
625.2,0.7,252.3,10.5,37.6,16.8,29.6,29,54.5,529,2,21.5,24.2,0.4,1,6.7,17.6,218.1,WEST UTTAR PRADESH,2002,37.7,218.1,10.5
1047.5,4.4,214.2,13.6,40.4,18.6,315.6,74.1,59,960.5,2.5,5.9,12.9,0.8,1,0.7,15.1,356.6,WEST UTTAR PRADESH,2003,40.4,356.6,13.6
642.3,20,250.5,0.2,0.7,20.6,124.2,59.3,21.3,517.9,0,21.7,41.7,0.7,1,60.5,61.4,84,WEST UTTAR PRADESH,2004,0.7,83.9,0.2
725.7,1.2,96,0.6,17.9,10.1,298.2,67.1,28,663.9,22.6,6.9,30.7,0,1,2.5,3.1,202.5,WEST UTTAR PRADESH,2005,17.9,202.6,0.6
529.3,4,78.1,1,0,0.5,241.6,66.6,0.5,452,20.2,34.1,58.3,0.7,1,16.7,18.4,65.7,WEST UTTAR PRADESH,2006,0,65.7,1
572.5,0.9,152.2,1.4,66.9,0.4,155.1,88.4,67.3,452.7,37.4,11,49.3,0,1,1.8,3.2,57,WEST UTTAR PRADESH,2007,66.9,57,1.4
799.8,4,217.4,0,0.2,0.9,258.5,193.8,1.2,760.7,0,24.8,28.8,4,1,5.1,9.1,90.9,WEST UTTAR PRADESH,2008,0.3,91,0
549.2,8.7,184.5,2.8,3.9,1.3,118.3,17.1,5.2,445.3,1.2,12.8,22.7,13.9,1,59.3,76,125.4,WEST UTTAR PRADESH,2009,3.9,125.4,2.8
820.7,0.4,213.8,4.1,13.7,3.2,282,12.5,16.8,772.3,0.2,9.3,10,12.8,1,4.7,21.6,263.9,WEST UTTAR PRADESH,2010,13.6,264,4.1
777.4,2.8,232.3,1.5,10.4,2.1,215.9,175.9,12.5,725.9,3.9,29.6,36.3,0.5,1,0.7,2.7,101.7,WEST UTTAR PRADESH,2011,10.4,101.8,1.5
389.6,4.7,149.1,2,0.1,14.5,145.1,4,14.5,366,1.4,0.3,6.4,0.1,1,0.5,2.7,67.8,WEST UTTAR PRADESH,2012,0,67.8,2.1
932.8,1.6,287.1,8.9,69.5,20.4,233.9,190.6,89.9,763.8,3.5,2.1,7.2,1.7,1,61.2,71.8,52.2,WEST UTTAR PRADESH,2013,69.5,52.2,8.9
486.9,5.3,81,16.3,29.4,48.3,151.6,22,77.7,339.4,22.6,11,39,0,1,14.6,30.8,84.7,WEST UTTAR PRADESH,2014,29.4,84.8,16.2
582.7,21,143.5,3,7.2,31.6,194.2,72,38.8,436.1,66.8,8.1,95.9,2,1,6.9,11.9,26.5,WEST UTTAR PRADESH,2015,7.2,26.4,3
1562.5,5.9,612.3,24.9,81.4,134.5,381.1,33.6,215.9,1194.1,44.5,60.8,111.3,0,1,16.3,41.3,167.1,UTTARAKHAND,1901,81.4,167.1,25
1324.2,63.7,327.5,0,17,0,444.1,113.1,17.1,1105.1,52.2,52.1,168.1,2.1,1,31.9,34,220.4,UTTARAKHAND,1902,17.1,220.4,0
1306.5,10.3,442.7,11.3,7.9,68,251.6,83,75.9,1026.5,87.6,37.5,135.4,0,1,57.5,68.7,249.3,UTTARAKHAND,1903,7.9,249.2,11.2
1492,13.6,417.2,31,5.2,40,449.6,180.1,45.2,1221,78.3,61.1,153,35.6,1,6.3,72.9,174.1,UTTARAKHAND,1904,5.2,174.1,31
1302.1,26.1,349.5,18.5,80.7,115.4,299.9,111.5,196,890.4,99.8,70.3,196.2,1,1,0,19.5,129.5,UTTARAKHAND,1905,80.6,129.5,18.5
1537.9,10.1,440.9,13.8,162,26.1,363.9,195.6,188.1,1232.6,36.8,44.6,91.5,0.4,1,11.6,25.8,232.2,UTTARAKHAND,1906,162,232.2,13.8
1194.4,41.7,323.8,0.1,131.6,49.4,342.3,74.8,181,769.1,144.4,57.6,243.7,0,1,0.4,0.5,28.2,UTTARAKHAND,1907,131.6,28.2,0.1
1256.2,31.8,423.5,6.6,74.6,49.4,411.4,144.9,124,1036.1,6.3,46.3,84.4,2.6,1,2.5,11.7,56.2,UTTARAKHAND,1908,74.6,56.3,6.6
1717.7,64.6,464.2,69.5,43.1,75.8,565.8,306.5,118.9,1430.8,8.7,16.5,89.8,0.7,1,8,78.2,94.4,UTTARAKHAND,1909,43.1,94.3,69.5
1963.9,21.4,526.8,7.4,38.8,34.6,505.6,231,73.3,1517.3,12.1,59.3,92.8,8.4,1,264.6,280.5,253.9,UTTARAKHAND,1910,38.7,253.9,7.5
1542.9,20.4,381.9,0,4.2,211.4,149.3,204.1,215.5,1001.7,190.3,19.5,230.2,75.7,1,19.7,95.4,266.4,UTTARAKHAND,1911,4.1,266.4,0
1394.5,27.8,423.2,12.3,31.1,79,333.5,103.1,110.2,1119.2,44.5,51.4,123.7,26.9,1,2.2,41.5,259.3,UTTARAKHAND,1912,31.2,259.4,12.4
1137.6,24.4,188.7,32.9,91.8,11.4,261.8,289.1,103.2,789.1,70.3,98.3,193,7.3,1,12.1,52.3,49.5,UTTARAKHAND,1913,91.8,49.5,32.9
1940.9,50.2,377.8,0.5,119.9,0.9,563.3,141.3,120.8,1522,115.7,82.3,248.2,22.3,1,27.1,49.9,439.6,UTTARAKHAND,1914,119.9,439.6,0.5
1601.3,40.6,539.9,12.6,126.3,32.4,370.2,129.8,158.7,1218.2,101,57.2,198.9,0,1,12.9,25.6,178.3,UTTARAKHAND,1915,126.3,178.3,12.7
1678.8,20.6,397.7,0,35.6,3.9,432.3,373.8,39.6,1483.9,1.9,49,71.4,0,1,83.8,83.8,280.1,UTTARAKHAND,1916,35.7,280.1,0
2102.9,80.1,372.7,23.3,55.4,7.6,561.2,298.1,63,1637.6,64.9,118.2,263.2,0,1,115.8,139.1,405.7,UTTARAKHAND,1917,55.4,405.6,23.3
1215.2,85.6,397.2,8.2,0,17.2,225.8,237.6,17.2,961.5,73.9,46.5,205.9,18.4,1,4,30.6,101,UTTARAKHAND,1918,0,100.9,8.2
1583.1,40.2,295.9,29.1,46.7,158.9,372.5,278.4,205.6,1189.4,44.1,51,135.2,9.7,1,14.2,52.9,242.6,UTTARAKHAND,1919,46.7,242.6,29
1328.4,10,307.1,2.6,52.7,6.1,472.5,221.7,58.8,1078.1,100.7,65.3,176,0,1,12.9,15.4,76.9,UTTARAKHAND,1920,52.7,76.8,2.5
1848.7,19.7,652.8,4.7,5.6,101,329.3,364.1,106.6,1645.7,12.5,3.6,35.8,0.2,1,55.8,60.6,299.5,UTTARAKHAND,1921,5.6,299.5,4.6
1860,21,685.2,51.1,34.4,86.4,507.1,125.1,120.8,1638.3,11.7,12.1,44.8,1.3,1,3.8,56.2,320.9,UTTARAKHAND,1922,34.4,320.9,51.1
1582.9,10.8,427.9,45.1,146.6,80.5,372.5,84.8,227.1,1175.1,18.5,26.9,56.2,10,1,69.4,124.5,289.9,UTTARAKHAND,1923,146.6,289.9,45.1
1927.1,6.8,414,62.8,60.1,42.5,450.2,39.4,102.7,1555.1,27.7,43.4,77.9,0.6,1,128.1,191.5,651.5,UTTARAKHAND,1924,60.2,651.5,62.8
1535,43.5,384.5,0,17.7,34.3,554.5,309.1,52,1314,11.7,57,112.1,36.7,1,20.1,56.8,65.9,UTTARAKHAND,1925,17.7,65.9,0
1381.2,52,400.7,2,28.2,22,475.3,34.8,50.2,1044.1,143,57.8,252.8,22,1,10.2,34.2,133.3,UTTARAKHAND,1926,28.2,133.3,2
1649.9,24.5,516.8,9.5,121.8,13.7,308.9,210.2,135.5,1195.9,53.2,66.8,144.5,43.7,1,120.8,174,159.9,UTTARAKHAND,1927,121.8,160,9.5
1241.9,40.2,251.4,28.9,150.1,89.5,468,114.5,239.6,863.6,27.2,18.6,86,17.4,1,6.3,52.6,29.7,UTTARAKHAND,1928,150.1,29.7,28.9
1212.2,21.7,403.2,135.5,33.2,52.9,279.7,138.7,86.1,886.9,16.9,20.6,59.3,0,1,44.5,180,65.2,UTTARAKHAND,1929,33.2,65.3,135.5
1271.2,34.8,348.3,25.6,72.7,65.7,399.7,126.5,138.4,950.9,52.1,39.6,126.5,8.1,1,21.6,55.3,76.5,UTTARAKHAND,1930,72.7,76.4,25.6
1334.1,1.9,307.2,3.4,89.9,7.8,319.1,55,97.7,1016.5,45.1,56.9,103.9,6.8,1,105.8,116.1,335.3,UTTARAKHAND,1931,89.9,335.2,3.5
1369.6,12.8,438.9,58.4,18.5,1.9,343.5,95.7,20.3,1204.9,34.3,27,74.2,5.5,1,6.3,70.2,326.9,UTTARAKHAND,1932,18.4,326.8,58.4
1595.8,52.6,337.3,1.2,67.2,51.7,466.8,227,118.9,1182.3,23.4,89.4,165.3,0,1,128,129.2,151.2,UTTARAKHAND,1933,67.2,151.2,1.2
1339,8.6,410.4,41.5,10.4,66.3,459.4,201.7,76.7,1168.6,21,20.6,50.2,0.5,1,1.6,43.5,97.1,UTTARAKHAND,1934,10.4,97.1,41.4
1137.2,37.8,308.1,16.5,34.5,93,385.1,44,127.5,912.1,26.7,4.2,68.7,8.8,1,3.6,29,174.8,UTTARAKHAND,1935,34.5,174.9,16.6
1912.3,33.6,390.4,112.7,54.7,6.9,570.8,345.1,61.6,1547.5,42.2,92.8,168.6,2.1,1,19.8,134.6,241.2,UTTARAKHAND,1936,54.7,241.2,112.7
1533.6,43.9,439.6,34.5,149.3,10.5,398.7,172.7,159.8,1222.9,7.2,47.6,98.6,2,1,15.8,52.3,211.7,UTTARAKHAND,1937,149.3,211.9,34.5
1529.3,4.5,396.4,0.1,85.4,122.5,459.2,293.6,208,1260,7.5,37,49,0.8,1,11.4,12.3,110.8,UTTARAKHAND,1938,85.5,110.8,0.1
1142.6,15.5,199.3,0,82.1,21.1,352.9,213.1,103.2,951.5,39.2,9.1,63.7,0,1,24.2,24.2,186.2,UTTARAKHAND,1939,82.1,186.2,0
1223.7,21.8,300,35.3,100.5,49.2,395.1,136,149.7,913.7,57.3,44.2,123.3,0.4,1,1.4,37,82.6,UTTARAKHAND,1940,100.5,82.6,35.2
1061.6,4.4,354.1,25.9,37.3,58.2,171.5,200.3,95.5,821.5,14,67.4,85.8,0.5,1,32.3,58.8,95.7,UTTARAKHAND,1941,37.3,95.6,26
1711.4,53.4,455.8,61.6,81.8,109,481,191.5,190.8,1352.1,17.6,34.9,105.9,0.1,1,1,62.7,223.8,UTTARAKHAND,1942,81.8,223.8,61.6
1366.7,53.5,590.9,0.3,17.6,61.2,283.2,134.4,78.8,1190,27.8,15.9,97.2,0.1,1,0.2,0.7,181.4,UTTARAKHAND,1943,17.6,181.5,0.4
1198.9,51.2,194.7,10.3,72,76.6,354.4,192,148.7,885.6,62.6,18.4,132.2,0.7,1,21.4,32.5,144.5,UTTARAKHAND,1944,72.1,144.5,10.4
1648,42.7,379.8,1.8,4.5,120.2,468.6,90.6,124.8,1330.8,39.3,16.5,98.6,0.1,1,92,93.9,391.8,UTTARAKHAND,1945,4.6,391.8,1.8
1526.7,64.8,311.5,20.1,47.9,0.5,565.1,193.1,48.4,1184.6,20.4,121.5,206.7,18.2,1,48.7,86.9,114.9,UTTARAKHAND,1946,47.9,114.9,20
1359.8,1.6,274.2,10.8,52.2,46.8,383.4,126.8,98.9,1134.8,47.7,49,98.3,0.4,1,16.6,27.8,350.5,UTTARAKHAND,1947,52.1,350.4,10.8
1535.4,23.8,592.5,8.7,103,1.6,337.1,53.2,104.5,1187.8,121.6,35.1,180.5,3.1,1,50.7,62.5,205.1,UTTARAKHAND,1948,102.9,205,8.7
1412.1,29,414.5,4.8,135.5,7.3,450.2,52.4,142.8,1121.1,32.4,59.7,121.1,0.2,1,22.2,27.2,204,UTTARAKHAND,1949,135.5,204,4.8
1584.1,2.7,493.4,6.6,30.3,59.5,492.8,240.1,89.8,1387.2,55,40.2,97.8,0,1,2.7,9.3,160.8,UTTARAKHAND,1950,30.3,160.9,6.6
1174.3,30.7,403,0.1,41.8,54,200.9,74,95.7,882,46.8,61.7,139.1,43.8,1,13.5,57.4,204.2,UTTARAKHAND,1951,41.7,204.1,0.1
1477.8,19.9,506.4,6.4,61.1,39.4,346.1,241,100.5,1175.9,125.5,34.8,180.2,3.6,1,11.2,21.2,82.4,UTTARAKHAND,1952,61.1,82.4,6.4
1565.8,34.7,338.9,35,14.8,118.1,617.5,181.8,132.9,1263.9,18.3,71.2,124.2,0,1,9.8,44.8,125.8,UTTARAKHAND,1953,14.8,125.7,35
1862.9,5.2,567.3,13.4,155.7,117.9,472.6,111.6,273.6,1368.7,22.3,27.6,55,3.4,1,148.6,165.5,217.2,UTTARAKHAND,1954,155.7,217.2,13.5
1666.9,41.1,429,11.3,14.2,84.7,356.1,151.4,98.9,1172.8,51.9,19.8,112.8,0,1,271.2,282.4,236.3,UTTARAKHAND,1955,14.2,236.3,11.2
1943,15.1,359.3,26.1,24.9,40.5,466.4,213.9,65.4,1222.3,105.3,132.4,252.8,5.9,1,370.4,402.4,182.7,UTTARAKHAND,1956,24.9,182.7,26.1
1780.7,73.3,286.5,62.9,6.6,166.4,532.1,113.4,173,1240.3,77.5,75.9,226.7,20.1,1,57.7,140.6,308.3,UTTARAKHAND,1957,6.6,308.3,62.8
1499,23.3,436.2,52.1,16.5,59.2,436.6,95.3,75.6,1201.5,38.7,26.3,88.3,2.5,1,78.9,133.6,233.4,UTTARAKHAND,1958,16.4,233.4,52.2
1743,20.3,442.3,0.9,93.3,68,483.5,118.8,161.2,1339.3,58.1,49,127.4,26.2,1,87.9,115,294.6,UTTARAKHAND,1959,93.2,294.7,0.9
1540.1,33.5,420.7,16.3,1.4,80,466.7,132.4,81.5,1209,97.1,24,154.6,2.2,1,76.6,95.1,189.2,UTTARAKHAND,1960,1.5,189.2,16.3
1948.3,20.5,511.6,57.5,133.7,126.3,490.1,181.2,260,1409.4,24.1,41,85.6,13.1,1,122.7,193.3,226.4,UTTARAKHAND,1961,133.7,226.5,57.5
1647.4,27.3,398.2,33.9,86.3,79.5,402.2,150.9,165.8,1292.8,68.7,21.5,117.4,29,1,8.6,71.5,341.5,UTTARAKHAND,1962,86.3,341.5,33.9
1802,51.4,523.4,40.2,35.5,17.4,360.9,193.1,52.8,1422.5,130.9,49.3,231.6,43.9,1,10.8,95,345.1,UTTARAKHAND,1963,35.4,345.1,40.3
1769.6,48.4,402,31.3,72.5,89.7,463.8,162.7,162.2,1356.2,75,95.2,218.6,0,1,1.3,32.6,327.6,UTTARAKHAND,1964,72.5,327.7,31.3
1305.7,62.1,302.8,2.9,159.5,44.4,388,50.3,204,828.6,119.3,44.1,225.4,11.8,1,33,47.7,87.5,UTTARAKHAND,1965,159.6,87.5,2.9
1465.8,17.8,410.3,13.3,86.6,3.2,363,270,89.8,1168.9,48.9,76.7,143.5,15.3,1,35.1,63.6,125.7,UTTARAKHAND,1966,86.6,125.6,13.2
1556.2,26,518.7,79.9,35,11,436.3,122.6,46.1,1224,112.5,23.2,161.7,22.4,1,22,124.3,146.5,UTTARAKHAND,1967,35.1,146.4,79.9
1478.6,49,280.6,38.9,122.8,173.1,393.6,218.6,296,1002.4,62.9,15,126.9,1.4,1,13,53.3,109.6,UTTARAKHAND,1968,122.9,109.6,38.9
1635.7,60.7,483.5,1,43.1,79.8,381,89.6,122.9,1299.6,49,77,186.7,0.2,1,25.3,26.5,345.6,UTTARAKHAND,1969,43.1,345.5,1
1293.5,5.7,355.3,0.2,44,85.9,319.2,192.9,129.9,1025.3,32.7,68.9,107.3,0.8,1,30,31.1,157.8,UTTARAKHAND,1970,44,157.9,0.3
1803.8,69,377,0.3,101.4,52.4,332.8,297.8,153.9,1163.6,45.3,270.2,384.5,22,1,79.5,101.9,155.9,UTTARAKHAND,1971,101.5,156,0.4
1077.8,50.5,218.8,17,91.7,30.3,315.4,62.8,122,809.6,44.7,7.4,102.6,7.9,1,18.8,43.6,212.6,UTTARAKHAND,1972,91.7,212.6,16.9
1239.7,1.8,297.9,9.2,65.7,73,265.9,254.3,138.7,948.9,47.8,44.8,94.5,1.6,1,46.8,57.6,130.8,UTTARAKHAND,1973,65.7,130.8,9.2
1161.8,12.2,347.3,43.6,28,56.8,392.9,86.5,84.8,929.4,18.2,22.1,52.5,4.5,1,46.9,95.1,102.6,UTTARAKHAND,1974,28,102.7,43.7
1580.3,1.1,359.6,0,70.5,75.4,403.1,219.9,145.8,1305.5,69.6,36.4,107.1,0,1,21.8,21.9,322.8,UTTARAKHAND,1975,70.4,322.9,0.1
986.3,22.1,328.5,1.1,58.4,12.7,269.2,87.6,71.1,814.6,31.2,40.5,93.8,0.1,1,5.6,6.8,129.3,UTTARAKHAND,1976,58.4,129.3,1.1
1416.3,65.2,292.3,48.1,7.8,47,487,122,54.7,1109.6,4.5,101.1,170.8,2.9,1,30.1,81.1,208.3,UTTARAKHAND,1977,7.7,208.3,48.1
2031.4,51.2,528.4,4.3,83.1,34.6,414.3,291,117.7,1558.5,187.3,51.8,290.2,43.7,1,16.9,65,324.8,UTTARAKHAND,1978,83.1,324.8,4.4
1072.3,23.6,276.1,32.4,68.4,50.6,323.5,110.2,119,747.5,65.9,64,153.5,8.2,1,11.7,52.3,37.7,UTTARAKHAND,1979,68.4,37.7,32.4
1333.5,15.6,322.7,21.9,55.7,21.7,466,175,77.4,1097.2,60.3,21.3,97.3,2.4,1,37.3,61.6,133.5,UTTARAKHAND,1980,55.7,133.5,21.9
1356.1,23.7,263.5,15,27.8,67.6,488.1,162.1,95.4,1016.7,81.3,77.4,182.3,42.1,1,4.6,61.7,103.1,UTTARAKHAND,1981,27.8,103,15
1372.1,78.2,435.1,33.5,58.6,61.9,264,90.6,120.5,900.4,143.2,77.1,298.5,1.4,1,17.8,52.7,110.7,UTTARAKHAND,1982,58.6,110.7,33.5
1525.3,132.9,312.9,9.1,45.5,80.9,261.3,114.1,126.4,1008.3,92.1,101,326.1,1.6,1,53.8,64.5,320,UTTARAKHAND,1983,45.5,320,9.1
1339.1,42,237.7,30.1,128.9,19.6,359.3,300.1,148.5,1070.6,14.6,27.5,84,2.6,1,3.2,35.9,173.5,UTTARAKHAND,1984,128.9,173.5,30.1
1653.7,40.9,389.4,74.1,9.6,54.3,451.7,104.4,63.9,1173.8,14,63.5,118.4,3,1,220.5,297.6,228.2,UTTARAKHAND,1985,9.6,228.3,74.1
1514.5,70.7,281.7,63.9,68.4,3.8,418.3,141.6,72.2,997.1,85.4,149.7,305.9,13.8,1,61.6,139.3,155.5,UTTARAKHAND,1986,68.4,155.5,63.9
987.3,48.8,261,17.1,61.7,29.8,190.3,55.9,91.5,631.1,30.3,148,227.1,0.2,1,20.2,37.5,123.9,UTTARAKHAND,1987,61.7,123.9,17.1
1602.4,26.3,390.8,63.7,81.6,18.1,490.9,129.7,99.7,1213.4,136.5,45.3,208.1,0.9,1,16.6,81.2,202,UTTARAKHAND,1988,81.6,202,63.7
1263.8,9.9,386.6,38.2,14.7,91,333.4,117.9,105.7,1021.4,30.3,28.5,68.7,17.3,1,12.3,67.9,183.5,UTTARAKHAND,1989,14.7,183.5,38.3
1564.9,20.4,413.6,67.1,97.1,0.8,473,120.3,97.9,1185.8,91.3,81.6,193.3,6.1,1,14.6,87.8,179.1,UTTARAKHAND,1990,97.1,178.9,67.1
1020.7,51.6,346.7,39.4,58,13.2,219.8,81.8,71.2,774.6,52,21.2,124.8,10.1,1,0.5,50.1,126.4,UTTARAKHAND,1991,58,126.3,39.5
1108.1,2.9,385.1,0,32.5,71.3,254.4,117.5,103.8,909.4,46.1,31.5,80.5,5.4,1,9,14.5,152.4,UTTARAKHAND,1992,32.5,152.4,0.1
1594.1,19.8,282.3,0,70.3,77.1,309.4,144.7,147.3,1183.5,162.8,71.7,254.4,7.4,1,1.5,8.8,447,UTTARAKHAND,1993,70.2,447.1,-0.1
1441.7,69.8,428.2,22.3,84.2,56.7,476.9,112.1,140.9,1115.1,11,75.6,156.4,1.7,1,5.3,29.3,98,UTTARAKHAND,1994,84.2,97.9,22.3
1616.1,41.4,430.7,20.2,123.6,98.9,358.3,138.5,222.6,1210.2,79.9,34.6,155.8,2.1,1,5.1,27.5,282.8,UTTARAKHAND,1995,123.7,282.7,20.3
1401.4,28.4,441.1,0,89.6,49.7,308.1,181.6,139.4,1116.4,67.1,18.3,113.8,0.5,1,31.4,31.9,185.6,UTTARAKHAND,1996,89.7,185.6,0
803.4,90.5,73.3,18.5,14.9,42.1,290,129.8,57,529.5,31.2,56.1,177.9,10.8,1,9.9,39.1,36.4,UTTARAKHAND,1997,14.9,36.4,18.4
1198.6,73,260,0,68.4,9.6,242.9,163.3,78,786.2,106.2,78.5,257.7,1.2,1,75.5,76.7,120,UTTARAKHAND,1998,68.4,120,0
1185.5,1.2,285.5,4.7,11.4,33,389,158.9,44.4,1051.2,1.4,50.5,53.1,0.1,1,32,36.8,217.9,UTTARAKHAND,1999,11.4,217.8,4.7
1712.9,18.1,536.1,0.7,69.4,29.9,420.1,313.9,99.3,1465.4,37.9,83.3,139.4,7,1,1.1,8.8,195.3,UTTARAKHAND,2000,69.4,195.3,0.7
1544.4,48.2,371.7,15.1,27.9,22.7,493,297.3,50.6,1230.3,83.4,109.1,240.7,1.4,1,6.3,22.9,68.3,UTTARAKHAND,2001,27.9,68.3,15.2
1574.7,76.3,465.4,4.2,123.2,53.8,205.7,139.6,177,1112.1,100,82.3,258.5,3,1,19.9,27.1,301.3,UTTARAKHAND,2002,123.2,301.4,4.2
1734.3,54.1,416.2,23.6,126,40.7,515.3,145.2,166.7,1316.6,99.7,67.1,220.9,4.8,1,1.8,30.2,239.9,UTTARAKHAND,2003,126,239.9,23.6
1219.6,51.5,326.3,5.7,11.7,58.5,400.9,130.7,70.2,954.7,0,66,117.6,0.8,1,70.7,77.1,96.8,UTTARAKHAND,2004,11.7,96.8,5.6
1348.2,12.8,249.2,4.3,83.2,64.1,400.1,74,147.3,1061.3,54.2,52.1,119.1,2.2,1,14.1,20.5,337.9,UTTARAKHAND,2005,83.2,338,4.2
1178.9,52.2,294.7,27,9.6,48.7,345.6,104.2,58.3,823.7,71.7,120.5,244.4,6.8,1,18.8,52.6,79.1,UTTARAKHAND,2006,9.6,79.2,27
1924.3,41.1,502.8,16.7,138.9,1.7,522.9,139.9,140.6,1491.2,123.1,78.8,243,7.8,1,25.1,49.6,325.6,UTTARAKHAND,2007,138.9,325.6,16.7
1363.7,93,245.8,0.6,11.7,55.6,313.3,332.4,67.3,1082.3,18.1,67.3,178.4,11.9,1,23.1,35.7,190.8,UTTARAKHAND,2008,11.7,190.8,0.7
847.8,18.4,202.6,0.9,27.6,1.8,157.5,41.9,29.4,608.7,18.8,77.6,114.8,12.6,1,81.3,94.9,206.6,UTTARAKHAND,2009,27.6,206.7,1
1424,13.8,335.7,19.5,62.1,11.4,455.8,72.7,73.6,1253.9,3.8,47,64.5,4.5,1,8,32,389.7,UTTARAKHAND,2010,62.2,389.7,19.5
1564.7,30.9,523.7,2.3,65.2,30.9,433.3,223.1,96.1,1328.5,18,84.2,133.1,1.2,1,3.4,6.9,148.4,UTTARAKHAND,2011,65.2,148.4,2.3
1223.9,39.2,419.5,15.5,11.9,38.8,387.1,46,50.8,1073.1,28.1,9.1,76.4,3.4,1,4.7,23.6,220.6,UTTARAKHAND,2012,12,220.5,15.5
1735.4,24.7,359.4,3.8,188.3,73,413.4,488.9,261.3,1373,22,18.2,65,3.2,1,29.1,36.2,111.3,UTTARAKHAND,2013,188.3,111.3,3.9
1287.4,37.6,264.2,44.3,99.9,45.9,462.7,62.9,145.8,897.7,68.4,52.9,158.8,0,1,40.8,85.1,107.9,UTTARAKHAND,2014,99.9,107.9,44.3
1247.6,57.3,305.3,7.2,62.6,54.5,337,186.6,117,881.5,127.3,38,222.6,2.4,1,16.8,26.4,52.6,UTTARAKHAND,2015,62.5,52.6,7.2
390.1,0,151.5,6.1,28.9,35.4,126.4,13.2,64.3,301.6,11.1,5.1,16.2,0,1,2,8.1,10.5,HARYANA DELHI & CHANDIGARH,1901,28.9,10.5,6.1
419.8,10.2,97.1,0,0.7,0,149.3,74.6,0.7,380.9,2.9,15.8,28.9,0,1,9.3,9.3,59.8,HARYANA DELHI & CHANDIGARH,1902,0.7,59.9,0
428.9,0.5,138.2,2.3,0.5,14.7,151.6,8.6,15.2,396.1,2.3,8.5,11.3,0,1,4,6.2,97.7,HARYANA DELHI & CHANDIGARH,1903,0.5,97.7,2.2
527.8,0.5,162.9,20.3,0.7,7.6,109.7,34.3,8.3,409.3,48,29.3,77.8,10.4,1,1.5,32.3,102.3,HARYANA DELHI & CHANDIGARH,1904,0.7,102.4,20.4
322.9,1.3,23.1,5.1,20.8,44.8,93.6,20.1,65.7,229.4,14,7.4,22.7,0,1,0,5.1,92.6,HARYANA DELHI & CHANDIGARH,1905,20.9,92.6,5.1
593.6,0.1,103.8,5,64.1,3.6,128.9,70.2,67.7,488,31.4,1.4,32.9,0,1,0,5,185.2,HARYANA DELHI & CHANDIGARH,1906,64.1,185.1,5
443.9,33.5,175.3,0,42.8,14.3,123.2,20,57.1,319.5,25.9,7.8,67.2,0,1,0.1,0.1,1,HARYANA DELHI & CHANDIGARH,1907,42.8,1,0
689,7.6,398.2,0.6,6.1,31.4,196.6,14.5,37.5,619.5,0.1,22.4,30.1,1.1,1,0.3,2,10.1,HARYANA DELHI & CHANDIGARH,1908,6.1,10.2,0.6
769.3,78.1,118.9,32.7,13.1,5.9,228.7,123.7,19,633.7,0,2.8,80.9,0,1,3.1,35.8,162.4,HARYANA DELHI & CHANDIGARH,1909,13.1,162.4,32.7
605.2,2.1,150.4,0.8,5.1,19.7,107.9,69,24.8,487,0.1,3.1,5.3,0,1,87.3,88.1,159.7,HARYANA DELHI & CHANDIGARH,1910,5.1,159.7,0.8
509.7,0.7,49.3,0,1.3,66.5,26.3,53.1,67.8,337.4,53.3,0.1,54.1,39.7,1,10.7,50.4,208.7,HARYANA DELHI & CHANDIGARH,1911,1.3,208.7,0
529.3,9.2,134.2,0.5,12.5,43.4,161.1,26.5,55.9,441.4,9,2.8,21,10.5,1,0,11,119.5,HARYANA DELHI & CHANDIGARH,1912,12.5,119.6,0.5
508.4,1.9,82.3,9.3,42.9,1.1,142.9,111.8,43.9,359.6,22.4,69.7,94,0.9,1,0.7,10.9,22.6,HARYANA DELHI & CHANDIGARH,1913,42.8,22.6,9.3
664.7,22.7,100,0.3,7,2.3,252,51.1,9.3,586,4.7,21,48.4,2,1,18.7,21,182.9,HARYANA DELHI & CHANDIGARH,1914,7,182.9,0.3
422.4,7.1,69.9,1.8,49.1,30.7,66.9,39.9,79.9,278.4,40.9,8,55.9,0,1,6.4,8.2,101.7,HARYANA DELHI & CHANDIGARH,1915,49.2,101.7,1.8
629.1,2.3,217.7,0,15.7,0.5,139.7,71.2,16.2,536.4,0.2,12.5,14.9,0,1,61.6,61.6,107.8,HARYANA DELHI & CHANDIGARH,1916,15.7,107.8,0
986.7,34.5,210.9,7.5,7.4,6.1,164.3,64.6,13.5,801.2,3.2,25.8,63.5,0,1,101,108.5,361.5,HARYANA DELHI & CHANDIGARH,1917,7.4,361.4,7.5
234.7,9.9,142.1,0,0,10,20,34.3,10.1,201.4,11.1,1.1,22.2,0.8,1,0.3,1.1,5,HARYANA DELHI & CHANDIGARH,1918,0.1,5,0
553.7,2.3,172.1,22.8,2.7,61,208.7,7,63.8,438.3,8.4,14.8,25.4,3.4,1,0,26.2,50.6,HARYANA DELHI & CHANDIGARH,1919,2.8,50.5,22.8
368.8,0.2,30.8,0.1,12.9,11.2,194.8,73,24.1,308.1,13.2,21.6,35.1,0,1,1.4,1.5,9.6,HARYANA DELHI & CHANDIGARH,1920,12.9,9.5,0.1
446.5,1.4,189.5,3,1.2,21.3,100.2,13.7,22.5,389.5,0.5,0,2,0,1,29.5,32.5,86.1,HARYANA DELHI & CHANDIGARH,1921,1.2,86.1,3
552.9,0.6,99.7,27.1,4.5,14.3,139.6,86.7,18.8,502.6,0.6,1.4,2.7,0,1,1.7,28.7,176.5,HARYANA DELHI & CHANDIGARH,1922,4.5,176.6,27
581.5,0.1,221.3,34.4,52.7,17,183.7,24.8,69.7,447.4,0.8,19.7,20.6,0.3,1,9.1,43.8,17.6,HARYANA DELHI & CHANDIGARH,1923,52.7,17.6,34.4
654.8,1.3,151.3,15,18.9,48.5,98.3,18.5,67.4,515.6,2,5.5,8.8,2.5,1,45.5,63,247.5,HARYANA DELHI & CHANDIGARH,1924,18.9,247.5,15
557.2,3.1,108.6,0.3,0.1,4.8,247,153.8,5,519.6,0.1,11.2,14.4,12.2,1,5.7,18.2,10.2,HARYANA DELHI & CHANDIGARH,1925,0.2,10.2,0.3
615.9,10.3,257.4,0.1,9.3,9.4,190,18.4,18.7,511.3,39.2,33.4,82.8,2.4,1,0.6,3,45.5,HARYANA DELHI & CHANDIGARH,1926,9.3,45.5,0
502.5,7.4,163.9,32.5,34.1,0.2,160.9,12.2,34.3,379.7,14.8,13.9,36.1,1.7,1,18.1,52.4,42.7,HARYANA DELHI & CHANDIGARH,1927,34.1,42.7,32.6
388.2,5.9,77.6,16.8,28.3,21.5,131,36.5,49.8,280.7,3.4,3.7,13,20.3,1,7.6,44.6,35.6,HARYANA DELHI & CHANDIGARH,1928,28.3,35.6,16.7
306.6,9.5,82.8,26.2,0.1,15.2,135.2,18.7,15.4,248.1,0,3.7,13.2,0,1,3.8,30,11.4,HARYANA DELHI & CHANDIGARH,1929,0.2,11.4,26.2
500.5,1.8,78.4,2.1,11.4,28.4,266.5,68.6,39.8,445.9,4,3.4,9.2,0.9,1,2.8,5.7,32.3,HARYANA DELHI & CHANDIGARH,1930,11.4,32.4,2
519.2,0.3,122.5,0.1,17,0.4,198.7,11.1,17.5,441.9,14.2,7.8,22.4,0,1,37.4,37.5,109.5,HARYANA DELHI & CHANDIGARH,1931,17.1,109.6,0.1
440.1,4.8,113.4,15.8,2,3,136.8,14.3,5.1,382.1,26.2,6.1,37.1,0,1,0,15.8,117.5,HARYANA DELHI & CHANDIGARH,1932,2.1,117.6,15.8
856.9,6.7,227.3,1.3,19.5,1.1,131.4,105.1,20.6,756.8,10.8,43.2,60.7,0.4,1,17,18.7,293.1,HARYANA DELHI & CHANDIGARH,1933,19.5,293,1.3
501.4,0.7,199.1,5.6,1,21.6,140.8,64.6,22.6,422.8,47.6,2,50.4,0,1,0,5.6,18.3,HARYANA DELHI & CHANDIGARH,1934,1,18.3,5.6
568.3,29.2,132.3,14.2,25.1,35.1,208.9,5.3,60.2,443.5,7.1,0.7,37,6,1,7.5,27.7,97,HARYANA DELHI & CHANDIGARH,1935,25.1,97,14.2
511.1,0.7,125.7,26.5,18.2,1.6,124.4,141.3,19.8,452.7,6.8,3.3,10.8,1.2,1,0.1,27.7,61.3,HARYANA DELHI & CHANDIGARH,1936,18.2,61.3,26.4
481.7,20.3,39.3,9.1,75.8,0.8,171.6,43.7,76.7,364.4,5.3,5.2,30.8,0.3,1,0.4,9.8,109.8,HARYANA DELHI & CHANDIGARH,1937,75.9,109.8,9.1
278.8,1.1,56.9,0,7.7,38.2,89.7,61.7,45.9,216.3,0.4,7.4,8.9,0.1,1,7.6,7.7,8.1,HARYANA DELHI & CHANDIGARH,1938,7.7,8,0
310.2,0.5,32.9,0,38.5,1.9,62.7,88.8,40.5,247.6,20.2,0.3,20.9,0,1,1.2,1.2,63.3,HARYANA DELHI & CHANDIGARH,1939,38.6,63.2,0
395.7,6.7,142.3,0.4,35.6,28.2,117.4,38.7,63.8,311.1,11.9,1.7,20.3,0,1,0.2,0.5,12.6,HARYANA DELHI & CHANDIGARH,1940,35.6,12.7,0.3
363.9,0,90.1,3.5,5.1,59.2,41,96.3,64.3,273.8,2.2,16.2,18.4,0,1,3.9,7.4,46.4,HARYANA DELHI & CHANDIGARH,1941,5.1,46.4,3.5
804.5,11.7,237.6,11.9,48.6,24.9,257.5,48.2,73.6,697.6,2.2,7.3,21.2,0,1,0.3,12.2,154.2,HARYANA DELHI & CHANDIGARH,1942,48.7,154.3,11.9
407.9,14.7,112.4,0.1,2.1,19.6,129.6,28.8,21.7,360.4,2.4,8.5,25.6,0,1,0,0.1,89.7,HARYANA DELHI & CHANDIGARH,1943,2.1,89.6,0.1
484.2,27.6,99,0.6,32.9,21.5,150.7,52.2,54.4,340.7,35.1,0.5,63.1,0.6,1,24.8,26,38.8,HARYANA DELHI & CHANDIGARH,1944,32.9,38.8,0.6
654.6,6.5,122.3,0,0,41.5,120,36.5,41.5,591.2,2.4,7.9,16.8,0,1,5.1,5.1,312.5,HARYANA DELHI & CHANDIGARH,1945,0,312.4,0
437.8,3.4,155.4,11.6,9.7,0.1,122.9,72,9.8,367.6,1.7,27,32.1,1,1,15.6,28.3,17.3,HARYANA DELHI & CHANDIGARH,1946,9.7,17.3,11.7
464.5,0.6,80.6,6.2,15.8,17.2,22.9,13.7,33,410,7.2,3,10.8,0,1,4.5,10.7,292.9,HARYANA DELHI & CHANDIGARH,1947,15.8,292.8,6.2
592.1,1.1,233,0.3,31.4,34.4,212.4,16,65.9,496.1,18.8,4.8,24.7,0.9,1,4.3,5.4,34.6,HARYANA DELHI & CHANDIGARH,1948,31.5,34.7,0.2
485.3,1.2,58.3,2,27.9,3.4,287.9,12.1,31.3,442.9,0.7,5.9,7.8,0,1,1.2,3.2,84.7,HARYANA DELHI & CHANDIGARH,1949,27.9,84.6,2
551.1,0.5,147.6,1.4,6.5,22.2,220.4,9.7,28.7,496.4,18.1,6.1,24.7,0,1,0,1.4,118.7,HARYANA DELHI & CHANDIGARH,1950,6.5,118.7,1.4
338.2,11.6,135.4,0,0.4,8.2,56,21.3,8.7,247.7,33.6,9.1,54.2,27.4,1,0.2,27.7,35,HARYANA DELHI & CHANDIGARH,1951,0.5,35,0.1
556.3,2.6,311,3.2,17.8,8.2,122.5,67.1,26,501.9,12,10.8,25.3,0,1,0,3.2,1.3,HARYANA DELHI & CHANDIGARH,1952,17.8,1.3,3.2
561.9,4.1,154.9,6.6,1.6,39.5,241,58.9,41.1,503.3,0,5.9,10,0,1,0.9,7.5,48.4,HARYANA DELHI & CHANDIGARH,1953,1.6,48.5,6.6
537,0.4,45.6,0,91,26.1,152.3,26.7,117.1,361.2,10.1,3.9,14.5,0.3,1,43.9,44.2,136.6,HARYANA DELHI & CHANDIGARH,1954,91,136.6,0
694.1,7.3,173.1,0.6,1.9,32.8,100.3,66.1,34.7,498.8,7.7,12.7,27.7,2.8,1,129.4,132.8,159.3,HARYANA DELHI & CHANDIGARH,1955,1.9,159.3,0.6
653.8,0.8,159.5,0.6,3.1,16.6,239.1,50.8,19.7,468.9,25.6,2.4,28.9,4.4,1,131.3,136.3,19.5,HARYANA DELHI & CHANDIGARH,1956,3.1,19.5,0.6
617.2,2.8,101.6,24.7,0.2,53.2,190.6,24.4,53.4,466.2,28.9,6.9,38.7,7.7,1,26.6,58.9,149.6,HARYANA DELHI & CHANDIGARH,1957,0.2,149.6,24.6
673,1.9,182.7,10.6,0.7,4.1,150,17,4.8,623.1,5.4,4.4,11.7,1,1,21.8,33.4,273.4,HARYANA DELHI & CHANDIGARH,1958,0.7,273.4,10.6
484.9,0.4,163.8,0.1,8,28.4,103.8,25.3,36.4,395.7,3.8,13.2,17.4,19.3,1,16.1,35.4,102.8,HARYANA DELHI & CHANDIGARH,1959,8,102.8,0
722.9,4.2,339,8.9,0,11.3,249.9,33.1,11.3,637.5,24.4,1.3,30,0,1,35.2,44.1,15.6,HARYANA DELHI & CHANDIGARH,1960,0,15.5,8.9
627.9,4.6,251.4,9.2,29.9,40.2,150.1,46.2,70.2,500.1,0.4,11,16,6.6,1,25.8,41.6,52.4,HARYANA DELHI & CHANDIGARH,1961,30,52.4,9.2
511,1.3,111.5,6.5,10.4,21.1,144.7,14,31.5,459.6,7.7,1.5,10.5,2.9,1,0,9.4,189.4,HARYANA DELHI & CHANDIGARH,1962,10.4,189.4,6.5
521.8,2,307.6,6.3,4.1,3.1,55.3,40.7,7.2,488.9,4.4,3.9,10.4,9,1,0,15.4,85.3,HARYANA DELHI & CHANDIGARH,1963,4.1,85.3,6.4
710.9,0.4,191.5,6,1.5,4.7,370.7,8.8,6.2,682.1,0.9,14.6,15.9,0.1,1,0.6,6.7,111.2,HARYANA DELHI & CHANDIGARH,1964,1.5,111.1,6
381.9,8.6,133.3,0.2,11.5,6.2,120.3,2.1,17.7,316.7,7.3,20.4,36.3,0.1,1,11,11.3,60.9,HARYANA DELHI & CHANDIGARH,1965,11.5,61,0.2
707.7,1.7,312.8,0.2,34,3.3,98.2,128.9,37.3,609,6.7,45.3,53.7,1,1,6.7,7.8,69.1,HARYANA DELHI & CHANDIGARH,1966,34,69.1,0.1
839.9,0.9,336,68.9,2.4,0,224.3,33.1,2.4,689.7,43.4,13,57.3,13.8,1,7.8,90.5,96.3,HARYANA DELHI & CHANDIGARH,1967,2.4,96.3,68.9
388.3,0,90.1,2,15.9,14.1,211.2,28.3,30,329.6,17.3,2.3,19.6,0,1,7,9.1,0.1,HARYANA DELHI & CHANDIGARH,1968,15.9,0,2.1
477.2,3.6,132.7,0,6.8,1.5,130.9,11.3,8.3,433.7,9.7,21,34.3,0.6,1,0.3,1,158.8,HARYANA DELHI & CHANDIGARH,1969,6.8,158.8,0.1
538.2,0,207.9,0,35.4,35.4,65.7,67.2,70.8,445.7,9.4,11.5,20.9,0,1,0.8,0.8,104.9,HARYANA DELHI & CHANDIGARH,1970,35.4,104.9,0
636.8,7.5,259.2,0,18.9,17,148.4,61.3,35.9,520.5,1.1,58.7,67.4,1.8,1,11.3,13.1,51.6,HARYANA DELHI & CHANDIGARH,1971,18.9,51.6,0
440.8,11.6,186,3.2,12.1,6.8,137.1,24.9,18.9,360.6,5.6,0.1,17.4,33.1,1,7.7,44,12.6,HARYANA DELHI & CHANDIGARH,1972,12.1,12.6,3.2
527.2,0.5,189.8,9,5.2,15.8,118.3,75.1,21,440.8,3.2,32.9,36.7,0,1,19.7,28.6,57.6,HARYANA DELHI & CHANDIGARH,1973,5.2,57.6,8.9
384.9,0.9,94.5,13.5,1.3,0.5,201.5,37.9,1.8,346.1,1.6,4.6,7,0,1,16.4,29.9,12.2,HARYANA DELHI & CHANDIGARH,1974,1.3,12.2,13.5
622.1,0.3,180.1,0,2.9,20.3,182.6,57.9,23.2,563,9.3,5.6,15.3,0,1,20.6,20.6,142.4,HARYANA DELHI & CHANDIGARH,1975,2.9,142.4,0
726.7,2.7,317.4,0.8,23.1,8.8,216.2,80.2,31.8,651.8,6.8,32.4,41.9,0.1,1,0.2,1.1,38,HARYANA DELHI & CHANDIGARH,1976,23,38,0.8
740.1,22.8,165.7,9.4,1.5,50.1,288.4,50.6,51.6,623.1,0.8,23.6,47.2,0.5,1,8.4,18.3,118.3,HARYANA DELHI & CHANDIGARH,1977,1.5,118.4,9.4
651.1,4.2,184.8,0.5,24.8,0.2,202.7,71.5,25,563.4,51.7,1.5,57.4,2.8,1,2.1,5.3,104.5,HARYANA DELHI & CHANDIGARH,1978,24.8,104.4,0.4
341.5,3.5,39.7,6.3,45.5,23.2,122.7,33.6,68.7,215.9,10.7,30,44.1,2.8,1,3.6,12.7,19.9,HARYANA DELHI & CHANDIGARH,1979,45.5,19.9,6.3
513.2,0.4,102,21.4,2.3,5.8,236.5,45.5,8,434.3,22,8.9,31.2,4.9,1,13.4,39.7,50.2,HARYANA DELHI & CHANDIGARH,1980,2.2,50.3,21.4
493.4,0.5,63.7,0.6,13.3,25.7,196.7,63.3,39,358.4,34.6,18,53.2,42.1,1,0.1,42.9,34.7,HARYANA DELHI & CHANDIGARH,1981,13.3,34.7,0.7
506.6,33.1,150.4,13.6,20,21.4,99.2,29.9,41.4,284.9,70.7,57.3,161.1,2.4,1,3.2,19.2,5.4,HARYANA DELHI & CHANDIGARH,1982,20,5.4,13.6
744.5,82.5,240.7,3.3,5.3,38,218.3,29.5,43.2,568.2,6.4,35.3,124.3,0,1,5.4,8.7,79.8,HARYANA DELHI & CHANDIGARH,1983,5.2,79.7,3.3
479.2,2.7,179.5,0.3,14.5,1.9,154.2,48.6,16.4,457.8,0.4,0.7,3.8,0,1,0.9,1.1,75.5,HARYANA DELHI & CHANDIGARH,1984,14.5,75.5,0.2
572.4,8.1,152.4,24.3,0.3,3.5,256.9,44.2,3.8,489.4,1.1,3.1,12.3,0,1,42.6,66.9,35.9,HARYANA DELHI & CHANDIGARH,1985,0.3,35.9,24.3
450.9,3.3,108.9,9.5,31,7.2,92.5,85.1,38.2,339.3,12.7,36,52.1,0.7,1,11.2,21.4,52.9,HARYANA DELHI & CHANDIGARH,1986,31,52.8,9.5
318.6,6.4,106.6,6.3,27.8,21.3,26.4,27.7,49.1,178.7,12.4,62.5,81.3,0,1,3.2,9.5,18,HARYANA DELHI & CHANDIGARH,1987,27.8,18,6.3
845,3.6,222.5,12,13.2,1.5,288.5,82.4,14.7,776.7,34.5,3.4,41.5,0.1,1,0,12.1,183.4,HARYANA DELHI & CHANDIGARH,1988,13.2,183.3,12
416.5,0.6,152.5,12.4,0.4,40.1,90.8,31.6,40.5,343.6,11.7,2.3,14.6,5.2,1,0.2,17.8,68.7,HARYANA DELHI & CHANDIGARH,1989,0.4,68.7,12.4
703.1,2.2,137.7,19.2,79.5,0,201.2,25.3,79.5,558.7,4.9,21.9,28.9,14.1,1,2.7,36,194.5,HARYANA DELHI & CHANDIGARH,1990,79.5,194.5,19.2
393.9,13.2,187.9,16.2,19.7,0.1,55.3,50.4,19.7,330.5,2.9,6,22.2,3.8,1,1.4,21.4,36.9,HARYANA DELHI & CHANDIGARH,1991,19.6,36.9,16.2
429.7,1.2,171.6,0,16.4,20.3,124.5,17.2,36.7,372.3,0.5,7.8,9.6,7.2,1,3.8,11.1,59,HARYANA DELHI & CHANDIGARH,1992,16.4,59,0.1
523.8,5.4,35.6,0,16.1,4.5,274.6,42,20.7,477.6,11.3,8.8,25.5,0,1,0,0,125.4,HARYANA DELHI & CHANDIGARH,1993,16.2,125.4,0
564.4,7.6,160.6,0.2,11.3,20.1,275.8,51.3,31.4,515.9,0.6,8.5,16.7,0.1,1,0,0.3,28.2,HARYANA DELHI & CHANDIGARH,1994,11.3,28.2,0.2
819.1,4.9,405.3,0.3,21.7,38.8,115,47.2,60.5,742.7,9.8,0.6,15.3,0.1,1,0.2,0.7,175.3,HARYANA DELHI & CHANDIGARH,1995,21.7,175.2,0.4
644.6,0.6,249.2,0.3,30.5,16,85.8,109.4,46.5,560.7,11.6,5.1,17.3,0,1,19.9,20.2,116.3,HARYANA DELHI & CHANDIGARH,1996,30.5,116.3,0.3
668.6,35.3,226.8,47.3,2.2,6.6,133.6,60.2,8.8,457.5,14.6,38,87.9,13.4,1,53.7,114.4,36.9,HARYANA DELHI & CHANDIGARH,1997,2.2,36.9,47.3
685.3,9.1,161.6,0,24.6,0.4,154.8,68.4,25,535.6,25.4,6.1,40.6,5.8,1,78.2,84,150.9,HARYANA DELHI & CHANDIGARH,1998,24.6,150.8,0
344.4,0,78.7,0.4,0.7,31.7,109.8,42.2,32.4,285.4,1.4,20.1,21.5,0,1,4.8,5.1,54.7,HARYANA DELHI & CHANDIGARH,1999,0.7,54.7,0.3
384.4,1.3,87.9,1.2,29.1,17.1,146.8,58.9,46.2,311.1,1.4,22.8,25.6,0.4,1,0,1.6,17.5,HARYANA DELHI & CHANDIGARH,2000,29.1,17.5,1.2
485.5,19.8,103.5,0.2,5.2,17.8,145.2,117.2,23,376.3,7.2,47.8,74.8,0.1,1,11.1,11.4,10.3,HARYANA DELHI & CHANDIGARH,2001,5.2,10.4,0.2
357.2,1.1,78.2,8.8,31.1,11.6,19.4,21.2,42.7,241.8,9,52,62.1,0,1,1.9,10.7,123,HARYANA DELHI & CHANDIGARH,2002,31.1,123,8.8
597.6,1.8,165.3,11,29.9,14.7,277.6,26.6,44.6,528.5,4,7.5,13.3,0.1,1,0,11.2,58.9,HARYANA DELHI & CHANDIGARH,2003,29.9,59,11.1
487.3,18.1,252.9,1.2,0.3,25.4,19.9,52.5,25.7,347.5,0,40.7,58.8,0,1,54.1,55.3,22.1,HARYANA DELHI & CHANDIGARH,2004,0.3,22.2,1.2
519.5,2.7,52.6,0,35.7,13.9,175.6,53.9,49.6,428.8,29.9,7.6,40.3,0.8,1,0,0.8,146.7,HARYANA DELHI & CHANDIGARH,2005,35.7,146.7,0
330.9,0.6,32.1,5.2,0.1,2.3,135.2,45.4,2.4,262.6,30.4,24.8,55.7,1.2,1,3.8,10.2,49.9,HARYANA DELHI & CHANDIGARH,2006,0.1,49.9,5.2
446.6,2,87.9,1.4,76,0.5,82,88.7,76.5,313.7,40.1,12.4,54.6,0.3,1,0.1,1.7,55.2,HARYANA DELHI & CHANDIGARH,2007,76,55.1,1.3
710.4,13.4,174.2,0.2,0.4,2.4,124.3,193.5,2.8,606.6,0.6,72.9,86.9,5.5,1,8.4,14.1,114.5,HARYANA DELHI & CHANDIGARH,2008,0.4,114.6,0.2
395.4,11.7,63.8,0.4,5.9,4.1,106.4,15.2,10,346.3,5.7,17.7,35.2,1.1,1,2.5,4,160.8,HARYANA DELHI & CHANDIGARH,2009,5.9,160.9,0.4
640.5,0.8,198.5,12.8,10.2,4.8,189.3,29.1,15,600.8,0.5,5.9,7.2,3.5,1,1.1,17.5,183.9,HARYANA DELHI & CHANDIGARH,2010,10.2,183.9,12.9
512,8.9,127.3,0.4,26.7,0.7,85,94.4,27.5,439.8,6.9,28.7,44.4,0,1,0,0.4,133.1,HARYANA DELHI & CHANDIGARH,2011,26.8,133.1,0.4
391.4,11.8,196.6,3.5,0.2,8.2,68.1,5.3,8.4,360.7,0.1,3.8,15.8,0.6,1,2.4,6.5,90.7,HARYANA DELHI & CHANDIGARH,2012,0.2,90.7,3.5
461.2,3.3,161.9,2.1,52.2,21.1,96.5,62.1,73.2,363.3,5.3,1.4,10,1.7,1,10.9,14.7,42.8,HARYANA DELHI & CHANDIGARH,2013,52.1,42.8,2.1
305.5,7.5,34.8,9.6,17.3,13,72.3,25.9,30.3,200.2,26.8,20.3,54.6,0.2,1,10.5,20.3,67.3,HARYANA DELHI & CHANDIGARH,2014,17.3,67.2,9.6
435.3,34.8,89.2,0.2,6.6,12.4,130.3,43.7,18.9,295.2,71.8,8.4,114.9,2.3,1,3.7,6.2,32.1,HARYANA DELHI & CHANDIGARH,2015,6.5,32,0.2
523.5,2.1,145,3.3,50.1,55.7,178.2,10.4,105.9,358.1,25.2,25.2,52.5,0,1,3.7,7,24.4,PUNJAB,1901,50.2,24.5,3.3
398,10.9,94.9,0.1,0.8,0,125.6,49.9,0.8,337.7,9.9,29.6,50.4,0,1,9,9.1,67.2,PUNJAB,1902,0.8,67.3,0.1
571,1.3,119.1,9.5,0.5,29.5,212.2,5.2,29.9,469.1,45,9.2,55.5,0,1,6.9,16.4,132.5,PUNJAB,1903,0.4,132.6,9.5
451.5,1.2,124,25.9,1.7,24.2,59.9,22,25.9,279.7,87.8,13.8,102.9,9.8,1,7.4,43.1,73.8,PUNJAB,1904,1.7,73.8,25.9
434.3,0.5,50.3,9.4,40.3,53,122.6,19.2,93.3,303.2,24.3,2.2,27,0,1,1.2,10.7,111.1,PUNJAB,1905,40.3,111.1,9.5
677.5,1.5,190.5,22.2,83.1,5.3,99.4,38.3,88.4,509.8,50.5,4.7,56.6,0,1,0.5,22.7,181.5,PUNJAB,1906,83.1,181.6,22.2
589.2,50.7,249,0,95.4,27.3,82.8,20.2,122.6,358.9,53.1,3.3,107.2,0,1,0.4,0.4,6.8,PUNJAB,1907,95.3,6.9,0
740.4,31.3,399.1,2,11.8,46.9,183.8,13,58.7,633.1,0.3,12.1,43.7,1.7,1,1.2,4.9,37.3,PUNJAB,1908,11.8,37.2,2
846.1,48.6,178.7,40.5,21,34,240.9,81.3,55.1,698.2,0.2,1.8,50.7,0,1,1.5,42.1,197.2,PUNJAB,1909,21.1,197.3,40.6
616.3,2.7,217.9,4.8,5.6,27.1,143.9,111.4,32.7,552.6,1.1,1.4,5.2,0,1,21,25.7,79.5,PUNJAB,1910,5.6,79.4,4.7
505.6,3.7,103.5,0.1,7.3,112.1,26.4,64.9,119.4,228.8,108.5,1,113.1,32.6,1,11.7,44.4,34,PUNJAB,1911,7.3,34,0.1
536.4,19.9,197.4,2.2,5.2,53.3,173.3,10.6,58.5,418.9,8.5,10,38.3,18.5,1,0,20.7,37.5,PUNJAB,1912,5.2,37.6,2.2
561.2,0.6,159,15.8,58.7,0.9,111.5,86.9,59.6,380.1,47.5,52.8,100.9,2.6,1,2.2,20.6,22.6,PUNJAB,1913,58.7,22.7,15.8
794.4,44.6,75.6,8.7,26.9,19.8,290.9,58.9,46.7,618.5,15.8,17.3,77.7,8.1,1,34.7,51.5,193.1,PUNJAB,1914,26.9,193.1,8.7
421.7,9.3,67.4,2.4,59.8,28.7,54.1,22.5,88.5,249.6,48.3,4.3,61.9,0,1,19.3,21.7,105.5,PUNJAB,1915,59.8,105.6,2.4
588.4,4.4,184.1,0.6,20.9,2.8,238.3,33.9,23.7,527.6,2.8,8.2,15.4,0,1,21.1,21.6,71.3,PUNJAB,1916,20.9,71.3,0.5
1126.7,71.9,211.4,9.4,3.1,6.5,172.4,82.6,9.6,835.5,12.5,31.3,115.7,0,1,156.5,165.9,369.1,PUNJAB,1917,3.1,369.1,9.4
339.6,38.5,140.5,4.5,1.2,3.1,38.7,31.9,4.4,226.5,61.4,0.6,100.5,3.5,1,0.2,8.3,15.5,PUNJAB,1918,1.3,15.4,4.6
549.9,4.9,137,32.9,12.3,81.4,202,6.4,93.7,391.7,11.1,11.9,27.9,3.3,1,0.4,36.5,46.2,PUNJAB,1919,12.3,46.3,32.8
383.1,0.6,81.3,1.5,18.3,25.7,148,42.7,44,295.3,21.3,20,41.9,0,1,0.4,1.9,23.3,PUNJAB,1920,18.3,23.3,1.5
370.4,0.7,113.9,20.5,3.9,19.3,116.8,19.9,23.2,297.2,0.7,1,2.5,0,1,27,47.6,46.6,PUNJAB,1921,3.9,46.6,20.6
513.6,3,85.6,33.5,14,23.8,132.8,65.1,37.8,432.1,3.1,1.7,7.7,0,1,2.5,36,148.5,PUNJAB,1922,14,148.6,33.5
737.9,4.9,279.1,44.1,63,36.4,222.2,21.8,99.4,536,7.3,38,50.2,2.5,1,5.7,52.3,12.8,PUNJAB,1923,63,12.9,44.1
590.8,1.1,109,34.4,42.3,39.1,185.8,2.3,81.4,452.1,2.6,17.7,21.3,1.1,1,0.5,36,155,PUNJAB,1924,42.3,155,34.4
629.6,7.7,158.8,0,2.1,18.1,284.4,104.7,20.2,562.3,1.1,21.1,29.8,9.8,1,7.5,17.3,14.4,PUNJAB,1925,2.1,14.4,0
607.3,16.2,228.4,4.4,7.5,14.1,189,7.2,21.6,478.7,50.2,34.9,101.2,1.3,1,0.1,5.8,54.1,PUNJAB,1926,7.5,54.1,4.4
481,6.6,95.2,27.7,39.8,0.7,226.1,18.6,40.5,364.7,15.7,18.1,40.4,2.3,1,5.5,35.5,24.8,PUNJAB,1927,39.8,24.8,27.7
437.1,10.2,120.2,36.9,21.3,25.6,92.3,34.9,46.9,306.1,6.3,2.8,19.2,27,1,1,64.9,58.8,PUNJAB,1928,21.3,58.7,36.9
423,11.5,111.6,60.6,1.1,8.9,163.3,45.6,10,329,0,1.7,13.2,0,1,10.2,70.8,8.5,PUNJAB,1929,1.1,8.5,60.6
557.2,13.3,57.4,13.9,27,25.6,258.4,55,52.5,462.4,6.7,7.1,27.1,0.2,1,1.1,15.1,91.7,PUNJAB,1930,26.9,91.6,13.8
588.6,2,222.1,0.5,27.1,12.6,183.8,9.5,39.6,484.2,21.1,19.4,42.5,0,1,21.8,22.3,68.8,PUNJAB,1931,27,68.8,0.5
490.3,7.3,136.1,29.9,13.2,19,190.7,19.9,32.2,378.7,28.8,11.6,47.7,0.3,1,1.5,31.6,32,PUNJAB,1932,13.2,32,29.8
860.6,7.2,327.3,0.9,26.4,6.2,180,37.1,32.6,747.2,35.7,25.7,68.6,2.9,1,8.4,12.2,202.7,PUNJAB,1933,26.4,202.8,0.9
429.2,2.4,136.6,9.9,1.7,18.3,150.9,51,20,353.3,37.5,6,46,0,1,0,9.9,14.9,PUNJAB,1934,1.7,14.8,9.9
598.2,44.2,144.6,8.2,40.9,73.7,203.9,8.2,114.5,401.9,12.8,2.1,59.1,11.6,1,2.7,22.6,45.1,PUNJAB,1935,40.8,45.2,8.3
626.4,10.9,165.5,27.9,58.8,1.3,170.2,105,60.1,498.4,17.3,5.4,33.7,0.2,1,6.2,34.3,57.7,PUNJAB,1936,58.8,57.7,27.9
571.1,41.8,30.5,26.2,96,5.8,218.6,55.4,101.8,374.7,10.2,8.8,60.8,0.3,1,7.3,33.8,70.2,PUNJAB,1937,96,70.2,26.2
430.9,9.1,85.4,0.6,22.2,77.5,102.3,112.8,99.7,306.4,1.8,3.4,14.3,0,1,9.9,10.5,5.8,PUNJAB,1938,22.2,5.9,0.6
403.7,8.3,78.6,0,61,6.2,100.5,49.8,67.2,266.8,58.1,0.8,67.2,0,1,2.6,2.6,37.9,PUNJAB,1939,61,37.9,0
532.2,2.9,179.6,0.5,45.1,36.8,159.3,60.3,81.9,426.6,13.7,6.5,23,0.1,1,0.1,0.7,27.4,PUNJAB,1940,45.1,27.4,0.5
506.3,1,152.1,10.2,8.5,55.3,111.4,89.5,63.8,394,12.4,15.2,28.6,0,1,9.8,19.9,41,PUNJAB,1941,8.5,41,10.1
871.6,19.6,256.4,39.8,57.2,27.2,253.3,52.4,84.4,693.9,15.4,13.4,48.4,0,1,5.1,44.9,131.7,PUNJAB,1942,57.2,131.8,39.8
422.3,7.8,132.6,0.2,1.9,55.6,130.4,29.2,57.4,338.9,7.9,9.8,25.5,0,1,0.4,0.6,46.6,PUNJAB,1943,1.8,46.7,0.2
626.9,46.5,145.8,8.4,54.6,32.3,183.8,21.8,86.9,418.7,49.5,0.6,96.7,1.6,1,14.6,24.7,67.2,PUNJAB,1944,54.6,67.3,8.5
805.3,15.9,138.6,0.2,0,71.4,156.9,38.3,71.4,693.6,14.5,3.2,33.6,0.5,1,6,6.7,359.8,PUNJAB,1945,0,359.8,0.2
478.1,4.2,150.5,38.7,16.1,2.6,129.5,63.1,18.7,350.5,7,19.3,30.6,7.6,1,32,78.3,7.4,PUNJAB,1946,16.1,7.4,38.7
600.9,0,177.4,36.3,14.5,23.2,57.4,3.5,37.7,509.1,9.4,5.4,14.8,0,1,3,39.3,270.8,PUNJAB,1947,14.5,270.8,36.3
620.2,6.7,209.6,16.2,53.1,19.9,195.7,11.2,73,454.8,66.5,2.2,75.3,0.3,1,0.6,17.2,38.3,PUNJAB,1948,53.1,38.3,16.3
584.9,5.2,93.7,4.5,58.4,9.3,320,26.9,67.7,491.5,4.8,9.8,19.8,0,1,1.4,5.9,51,PUNJAB,1949,58.4,50.9,4.5
992,2.4,232.3,0.1,25.4,53.1,209.2,14.1,78.5,852.4,50.1,8.1,60.5,0,1,0.4,0.6,396.8,PUNJAB,1950,25.4,396.8,0.2
499.5,10.4,122.2,1.9,4.3,23.9,207.8,5.1,28.2,347.6,53.5,21.5,85.3,34.5,1,1.9,38.3,12.5,PUNJAB,1951,4.3,12.5,1.9
565.9,0.7,282.3,3.8,20.4,19.7,137,59.8,40.1,480.8,34,6.4,41.1,0.1,1,0.1,4,1.7,PUNJAB,1952,20.4,1.7,3.8
611.5,8.2,153.3,9.3,1.5,47.1,262.7,54.3,48.6,542.3,0,2.2,10.4,0.4,1,0.5,10.2,72.1,PUNJAB,1953,1.5,72,9.3
633.2,0.1,45.7,0,92.2,30.8,181.8,27.6,123,481.6,9.5,2.4,11.9,0,1,16.6,16.6,226.5,PUNJAB,1954,92.2,226.5,0
973.9,20.5,169.7,2.6,3.6,33,148.7,38,36.5,500.6,24.9,18.6,64,0,1,370.3,372.8,144.2,PUNJAB,1955,3.5,144.2,2.5
750.4,5.1,208.7,5.3,6.8,21.6,236.5,53.5,28.4,525.3,45.3,0.7,51.2,0.2,1,140.1,145.6,26.7,PUNJAB,1956,6.8,26.6,5.3
710.5,10.6,167.4,35.5,4,105,197.5,19.5,109.1,490.5,26.6,10.8,47.9,10.3,1,17.2,63.1,106.1,PUNJAB,1957,4.1,106.1,35.6
828,4.4,128.4,45,3.5,9.5,186.2,28,13,714.8,6.9,0.4,11.7,0,1,43.4,88.5,372.3,PUNJAB,1958,3.5,372.2,45.1
699.8,4.8,210.1,0.5,21.4,43.3,188,21.5,64.7,553.5,10,20.3,35.2,21.9,1,24,46.4,133.9,PUNJAB,1959,21.4,133.9,0.5
606.9,4.7,234.1,20.3,0.1,14.2,243.1,44.1,14.3,529.9,33.3,4,42,0,1,0.5,20.8,8.6,PUNJAB,1960,0.1,8.6,20.3
690.1,14.2,199.3,6.1,39.5,51.7,216.1,43,91.2,545.4,3,4.6,21.8,2.8,1,22.8,31.7,87,PUNJAB,1961,39.5,87,6.1
769.3,4.2,126.8,6.7,14.2,39.6,167.5,26,53.8,641.5,43.2,4.7,52.1,14.8,1,0.5,22,321.2,PUNJAB,1962,14.2,321.2,6.7
476.2,3,199.4,13.6,14.5,0.4,116.7,31.3,14.9,390,34.3,12.7,50,7,1,0.6,21.3,42.6,PUNJAB,1963,14.5,42.6,13.7
708.8,5.2,189.8,9.6,5.7,11,359.3,10.2,16.7,654.3,3.9,19.2,28.2,0,1,0,9.6,95,PUNJAB,1964,5.7,95,9.6
423.2,21.3,91.6,0.5,23.9,13.1,192.6,1.6,37,300,15.3,34.3,70.9,4.5,1,10.4,15.3,14.2,PUNJAB,1965,23.9,14.2,0.4
638.2,3.6,200,2.3,38.9,0.2,109.8,85.1,39.1,527.5,18.5,37.6,59.6,0,1,9.5,11.9,132.6,PUNJAB,1966,38.9,132.6,2.4
680.4,1.8,197.8,77.6,13.1,0.2,211.6,14.7,13.3,485.6,84.8,1.1,87.8,1.9,1,14.2,93.6,61.5,PUNJAB,1967,13.1,61.5,77.5
536.2,2.1,142.1,7.8,30.5,24.7,239.4,42.6,55.2,424.6,32.7,1.6,36.4,0.5,1,11.7,20,0.5,PUNJAB,1968,30.5,0.5,7.8
494.8,12,122.9,0,21.7,14.2,145.9,10.8,35.9,400.5,24.4,17.2,53.6,3.7,1,1.1,4.9,120.9,PUNJAB,1969,21.7,120.9,0.1
650.6,0.3,260.7,0,20.6,40.1,75.4,119.8,60.7,565.3,7.3,12.8,20.3,0,1,4.2,4.2,109.4,PUNJAB,1970,20.6,109.4,0
748,11.8,255.9,0,42,5.2,251.4,99,47.2,633.5,3.3,42.6,57.6,8.1,1,1.6,9.6,27.2,PUNJAB,1971,42,27.2,-0.1
470.9,6.5,132.3,10.1,31.9,9.1,192.9,23.8,40.9,375.1,10.8,0.1,17.4,19.6,1,7.9,37.5,26.1,PUNJAB,1972,31.8,26.1,10
743.1,1.8,256.3,32.4,32.4,26,170.5,111.4,58.4,581.5,8.2,41.2,51.2,0,1,19.6,51.9,43.3,PUNJAB,1973,32.4,43.3,32.3
356.2,1.3,101.3,15.8,2,3.2,136.7,71,5.1,323.4,3.1,6.9,11.3,0,1,0.6,16.3,14.4,PUNJAB,1974,1.9,14.4,15.7
705.9,1.3,195.1,0,20.4,21.1,230.6,60,41.4,634.5,20,3.3,24.7,0,1,5.2,5.3,148.8,PUNJAB,1975,20.3,148.8,0.1
794.7,9.4,318.7,0.5,53.7,29.2,195.3,63.1,82.8,662.2,22.7,12.5,44.6,0,1,4.4,5,85.1,PUNJAB,1976,53.6,85.1,0.6
712.6,37.1,175.9,21.1,0.5,37.7,208.1,62.3,38.2,566.4,1,41.9,80,0.4,1,6.6,28,120.1,PUNJAB,1977,0.5,120.1,21
720.6,2.8,231.6,0.5,30,4.1,229.4,99.2,34.2,605.8,65.1,1.9,69.7,8.1,1,2.3,10.9,45.7,PUNJAB,1978,30.1,45.6,0.5
464,6.8,46.6,5.1,71.9,25.9,147.5,37.3,97.8,276.5,45.7,22.2,74.8,7.8,1,2,14.9,45.1,PUNJAB,1979,71.9,45.1,5.1
661.7,3.7,122.2,41.2,12.4,19.4,316.7,53.5,31.7,531.6,24.3,1.4,29.3,16.2,1,11.6,69.1,39.1,PUNJAB,1980,12.3,39.2,41.3
503.7,2.2,58.3,0,20.6,48.1,215.5,21.7,68.7,318.5,53.8,9.6,65.5,50.7,1,0.3,51,23,PUNJAB,1981,20.6,23,0
571.3,49.9,172.7,22.6,27.7,35.8,83.5,17,63.5,276.9,87.5,57.2,194.6,9.8,1,4,36.3,3.7,PUNJAB,1982,27.7,3.7,22.5
751.1,113.2,208.1,1.7,26.7,65.3,151.9,26.6,92,456.3,27.4,48.2,188.8,0,1,12.2,13.9,69.7,PUNJAB,1983,26.7,69.7,1.7
710.5,9.3,214.5,4.9,67.2,2.4,220.2,50.2,69.6,610.7,13.9,1.3,24.5,0.6,1,0.2,5.7,125.7,PUNJAB,1984,67.2,125.8,4.9
752.9,21.2,243.3,45.1,0.9,4.8,269.5,55.7,5.7,620.4,3.6,6.2,31,0.6,1,50.2,95.8,51.9,PUNJAB,1985,0.9,51.9,45
611.9,18.9,153,11.2,42.1,0.7,156.4,92.2,42.8,456.7,24.6,32.3,75.7,9.5,1,16,36.7,55.1,PUNJAB,1986,42.1,55.1,11.2
409.6,14.9,82.2,3.3,30.8,23.1,44.1,44.7,54,181.5,23.3,98.3,136.4,0.2,1,34.1,37.6,10.5,PUNJAB,1987,30.9,10.5,3.3
1222.6,3.3,234.3,33.5,22.5,5,356.1,42.7,27.5,1067.2,86.4,3.6,93.3,0.7,1,0.4,34.6,434.1,PUNJAB,1988,22.5,434.1,33.5
480.3,1.7,151.9,21.8,4.1,45.7,164.1,39.6,49.8,376.2,17.6,4.9,24.2,8,1,0.3,30.1,20.7,PUNJAB,1989,4.1,20.6,21.8
754.7,4.2,188.8,36.1,57.7,1.9,200.3,18.6,59.7,602,32.7,13.8,50.7,5.6,1,0.6,42.2,194.4,PUNJAB,1990,57.8,194.3,36
475.9,34.8,144.3,26.8,39.8,0.1,86.8,73.5,39.9,346.3,16,10.8,61.7,0.2,1,1,28,41.7,PUNJAB,1991,39.8,41.7,26.8
478.2,2.2,146.5,0.5,34.2,38.8,144.5,24.7,73,365.7,11.9,8.6,22.7,13,1,3.2,16.8,50,PUNJAB,1992,34.2,50,0.6
583.1,9.4,17.4,0,12.7,8.5,352.6,38.7,21.2,507.2,29.5,13.3,52.3,2.1,1,0.3,2.4,98.4,PUNJAB,1993,12.7,98.5,0
580.9,6.4,222.2,5.1,23.3,27.6,167.4,29.5,50.9,508,2.8,7.2,16.5,0,1,0.4,5.5,89,PUNJAB,1994,23.3,88.9,5.1
869.1,8.8,375.5,0.3,56,50.8,160,51,106.8,732,17.2,1.3,27.3,1.4,1,1.3,2.9,145.6,PUNJAB,1995,56,145.5,0.2
589.7,2.8,194.1,0.7,38.9,32.7,87.9,118.6,71.6,473,19,3.7,25.5,0,1,18.8,19.6,72.4,PUNJAB,1996,38.9,72.4,0.8
690.1,35.8,261.5,42.1,5.4,14.5,144.1,55.3,19.9,485.1,8.9,30.4,75.1,28.8,1,39,110,24.3,PUNJAB,1997,5.4,24.2,42.2
588.6,19.1,90.1,0.2,55.8,2.8,160.6,42.4,58.7,432.6,25.5,2.7,47.3,0,1,49.9,50.1,139.5,PUNJAB,1998,55.9,139.5,0.2
364.4,0,82,0.2,5.6,43.4,139.6,35.6,49,287.9,4.3,22.6,26.8,0.1,1,0.5,0.7,30.7,PUNJAB,1999,5.6,30.7,0.1
405.3,1.3,70,2.2,26.6,25.4,164.8,50.1,52,326.9,6.9,15.3,23.5,0.7,1,0,2.9,42,PUNJAB,2000,26.6,42,2.2
441,24.5,69.5,3.8,2.1,8,173.9,93.8,10.1,357.1,6.2,36.9,67.5,0.9,1,1.5,6.2,19.9,PUNJAB,2001,2.1,19.9,3.8
274.7,3.3,58.4,3.7,6.6,2.4,50.4,24.7,9,228.4,6.8,20.8,31,0,1,2.6,6.3,95,PUNJAB,2002,6.6,94.9,3.7
424.6,3,94.7,5,56.4,10.6,136.7,40.7,67,324.3,19.4,3.9,26.2,2.2,1,0,7.1,52.2,PUNJAB,2003,56.4,52.2,4.9
351.7,15.5,124.2,5,5.7,32.4,52.1,48.8,38,234,0,27.2,42.7,0.8,1,31.2,37,8.9,PUNJAB,2004,5.6,8.9,5
552,8.4,95.3,0,60.3,35.8,176.7,34.6,96.1,413.4,28.6,5.2,42.2,0,1,0.4,0.4,106.7,PUNJAB,2005,60.3,106.8,0
647.7,1.3,90.8,6.7,3.7,15,220.3,73,18.7,504.8,46.1,32.1,79.5,13.4,1,24.6,44.7,120.7,PUNJAB,2006,3.7,120.7,6.7
594.8,10,215.4,10.6,68.8,1.2,95.1,64.4,70,448.6,48.2,5.9,64.1,0.9,1,0.6,12.1,73.7,PUNJAB,2007,68.8,73.7,10.6
717.1,19.7,312.2,0.9,4.1,12,101.9,155.5,16.1,629.3,0,40.6,60.3,0.6,1,9.9,11.4,59.8,PUNJAB,2008,4.1,59.7,0.9
361.2,14,76.8,0.4,14.4,9.4,158,10.6,23.9,300.1,10.5,5.6,30.1,2.7,1,4,7.1,54.7,PUNJAB,2009,14.5,54.7,0.4
451.5,0.7,96.7,24.4,13.8,3.8,143.8,41.8,17.6,395.1,1.9,6,8.6,1.1,1,4.7,30.2,112.8,PUNJAB,2010,13.8,112.8,24.4
705.2,17.8,193.5,2.6,35.6,3.5,120.9,162.9,39.2,617.5,8.2,18.9,44.9,1,1,0,3.6,140.2,PUNJAB,2011,35.7,140.2,2.6
493.6,31.1,135.1,11,3.2,62.6,120.2,11.9,65.8,379.6,1.9,1.6,34.7,0.4,1,2.2,13.6,112.3,PUNJAB,2012,3.2,112.4,11
586.6,3.4,217.1,6.6,50.1,9.3,117.9,120.3,59.4,479.7,11.6,3.6,18.6,6.1,1,16.2,28.9,24.4,PUNJAB,2013,50.1,24.4,6.6
382.7,24.5,41.9,14.1,20.1,21.8,76.3,20.6,41.9,244.6,30.3,20.8,75.5,0.7,1,6,20.7,105.8,PUNJAB,2014,20.1,105.8,14
510.8,29.8,88.6,0.7,31.3,17.7,130.2,48.3,49,336.3,68.5,16.7,115,0.8,1,9,10.5,69.2,PUNJAB,2015,31.3,69.2,0.7
1345.1,19.2,459.7,19.1,174.5,137.8,280.5,32.7,312.3,825.9,75,89.6,183.8,0,1,3.9,23,53,HIMACHAL PRADESH,1901,174.5,53,19.1
951.6,76.2,199.3,0,27,6.5,258.6,78.8,33.6,650,104.4,61.3,241.9,2.5,1,23.6,26.1,113.4,HIMACHAL PRADESH,1902,27.1,113.3,0
993.3,25.4,256.5,41.4,21.4,76.5,157.7,32.2,97.9,554.2,213.7,54.7,293.7,0.2,1,5.8,47.4,107.9,HIMACHAL PRADESH,1903,21.4,107.8,41.4
987.6,48,184.3,32,22.4,79.3,241.1,33.1,101.7,515,131.7,90.3,270,17.3,1,51.6,100.9,56.4,HIMACHAL PRADESH,1904,22.4,56.5,32
930.2,39.3,132.8,34.4,76.8,81.3,191.1,43.6,158.1,486.6,160.2,50.4,249.8,0.9,1,0.3,35.6,119.1,HIMACHAL PRADESH,1905,76.8,119.1,34.4
1317.5,5.3,433.7,15.9,143.9,44.1,168.7,152.6,188,986,89.5,29.9,124.7,0,1,2.9,18.8,230.9,HIMACHAL PRADESH,1906,143.9,231,15.9
875.4,73,200.6,0,145.1,124.2,95.7,23.7,269.4,338.9,144.9,34.2,252.1,0,1,14.9,14.9,18.9,HIMACHAL PRADESH,1907,145.2,18.9,0
987.6,181.7,287.4,22.5,76.1,38.4,225.6,46.8,114.5,602.9,12.3,43.6,237.6,7.3,1,2.8,32.6,43,HIMACHAL PRADESH,1908,76.1,43.1,22.5
1077,31.7,234.5,49.9,82.1,111,292.4,107.6,193,740.4,25.4,19,76.1,0,1,17.6,67.5,105.9,HIMACHAL PRADESH,1909,82,105.9,49.9
1406.9,48.9,355.4,55.8,48.9,49.9,408.3,133.5,98.8,1071.4,42.7,46.8,138.4,5.5,1,37,98.3,174.2,HIMACHAL PRADESH,1910,48.9,174.2,55.8
1333.8,35.1,240.9,5.8,21.9,246.3,103.2,121,268.1,639.5,277.3,8.8,321.3,75.2,1,24,104.9,174.4,HIMACHAL PRADESH,1911,21.8,174.4,5.7
1207.6,60.1,346.8,11.4,34.7,95.6,357.6,36.9,130.3,867.9,55.7,54.3,170.1,26.9,1,1,39.3,126.6,HIMACHAL PRADESH,1912,34.7,126.6,11.4
1119.3,35.5,239,51.8,126.6,21.3,215.4,168,147.9,662.7,72.4,114.6,222.5,20.3,1,14.1,86.2,40.3,HIMACHAL PRADESH,1913,126.6,40.3,51.8
1735.9,110.8,292.7,51.9,88.8,15.9,495.4,135.1,104.7,1192.8,105.5,76.1,292.4,22.5,1,71.6,146.1,269.6,HIMACHAL PRADESH,1914,88.8,269.6,52
1236.8,66.6,380.6,20,100.4,62.2,249,67.5,162.6,854.8,90,19.4,176,0,1,23.4,43.4,157.7,HIMACHAL PRADESH,1915,100.4,157.7,20
1172.1,41.8,254.9,0.2,75.3,10.4,275.8,238.9,85.7,888.5,33.7,35.3,110.8,0,1,86.9,87.1,118.9,HIMACHAL PRADESH,1916,75.3,118.9,0.2
1703.6,162.9,309.8,22.7,30,20.4,376.3,135.1,50.5,1151.5,61.8,79.8,304.5,0,1,174.4,197.1,330.3,HIMACHAL PRADESH,1917,30.1,330.3,22.7
984.7,103.4,208.9,26.9,22.3,21.2,200.6,135.6,43.4,566.6,171.2,14.3,288.9,51,1,7.9,85.8,21.5,HIMACHAL PRADESH,1918,22.2,21.5,26.9
1213.1,60.4,227.8,42.9,47.4,141.3,417.3,80.1,188.6,791.7,75.6,43.5,179.4,9.8,1,0.7,53.3,66.5,HIMACHAL PRADESH,1919,47.3,66.5,42.8
1084.8,32.8,168,17.4,58.1,53,385.1,55.6,111.1,684.7,126.1,109.4,268.3,0,1,3.3,20.7,76,HIMACHAL PRADESH,1920,58.1,76,17.4
1311.2,29.6,465.6,106.1,20.9,87.8,264.1,42.6,108.7,968,9.1,32,70.6,0,1,57.9,164,195.7,HIMACHAL PRADESH,1921,20.9,195.7,106.1
1718.6,87.7,508.1,50.2,57.5,106.6,425.8,106.8,164.1,1314.7,68.2,13,169,6.5,1,14.2,70.9,274,HIMACHAL PRADESH,1922,57.5,274,50.2
1620.9,27.2,512.1,85.6,151.2,113.4,320.1,64.3,264.6,1021.9,51,93,171.1,17.5,1,60.1,163.2,125.5,HIMACHAL PRADESH,1923,151.2,125.4,85.6
1660.7,26.6,345.5,61.7,135.1,50.2,419.3,26.6,185.3,1210,63,86.7,176.3,14.9,1,12.4,89,418.6,HIMACHAL PRADESH,1924,135.1,418.6,61.7
1509.3,65.4,388.1,0,61.7,86.2,450.2,167.5,147.8,1054.3,33.5,86.6,185.5,88.5,1,33.2,121.6,48.5,HIMACHAL PRADESH,1925,61.6,48.5,-0.1
1450,86.3,422.9,14.3,48.6,52.9,349.6,23.9,101.5,924.3,179.7,114.4,380.5,25.1,1,4.2,43.7,127.9,HIMACHAL PRADESH,1926,48.6,127.9,14.4
1435,51.4,542.4,19.3,132.5,17.5,384.7,37.9,150,1043.1,48.2,79.1,178.8,5.8,1,37.9,63.1,78,HIMACHAL PRADESH,1927,132.5,78.1,19.4
1308.9,94.6,329.2,91.9,112.9,129,276.5,82.9,241.9,756,48.1,14.5,157.2,59.9,1,2,153.8,67.3,HIMACHAL PRADESH,1928,112.9,67.4,91.9
1424.7,48,423.7,176,52.3,109,363.9,101.7,161.2,939.6,17.6,24.9,90.5,0,1,57.3,233.3,50.3,HIMACHAL PRADESH,1929,52.2,50.3,176
1305.5,87.7,307,25.7,64.1,98.8,424.5,120.8,163,930,52.7,28.2,168.6,5.2,1,13,43.9,77.7,HIMACHAL PRADESH,1930,64.2,77.7,25.7
1266.3,14.6,339.6,0.6,149.6,58.5,263.6,25,208.1,830.7,79.9,84.5,179,0.2,1,47.8,48.5,202.5,HIMACHAL PRADESH,1931,149.6,202.5,0.5
1418.9,17.1,451.3,68.4,52.8,43,409.2,54.6,95.9,1098.3,62.1,61.4,140.7,9.5,1,6.1,84.1,183.1,HIMACHAL PRADESH,1932,52.9,183.2,68.5
1240.4,80.2,244.2,2.8,93.6,60.2,259.3,106,153.8,782.2,109.4,54.7,244.3,8.2,1,49.1,60.2,172.7,HIMACHAL PRADESH,1933,93.6,172.7,2.9
982.1,82.3,241.1,69.5,12.8,91.8,281,70.7,104.7,623.2,40.3,59.9,182.5,1.3,1,0.9,71.7,30.4,HIMACHAL PRADESH,1934,12.9,30.4,69.5
1027.9,83.6,216.6,22.1,73.4,136.7,233.6,40.3,210.1,578.5,60.3,18.4,162.3,26.5,1,28.5,77.1,88,HIMACHAL PRADESH,1935,73.4,88,22.1
1158,61,173.8,87.5,111.1,11.5,240.9,193.6,122.7,716.2,118.2,42.8,221.9,0.5,1,9.1,97.1,107.9,HIMACHAL PRADESH,1936,111.2,107.9,87.5
1465,60.3,325.7,101.9,141,57.3,282.9,116.4,198.3,952.3,53.7,35.1,149.1,9.5,1,53.8,165.2,227.3,HIMACHAL PRADESH,1937,141,227.3,101.9
927.5,38.9,156.5,5.7,124.3,175.5,211.8,125.3,299.8,510.4,48.1,11.1,98.1,6.7,1,6.7,19.2,16.8,HIMACHAL PRADESH,1938,124.3,16.8,5.8
877.8,47.1,110.5,0,112.3,56.4,201,103,168.7,523.2,97.9,9.9,155,0,1,30.9,30.9,108.6,HIMACHAL PRADESH,1939,112.3,108.7,0
1088.6,60.4,220.7,24.3,79.9,64.1,321.6,103.3,144,730.4,69.4,56.4,186.2,2.3,1,1.4,28,84.8,HIMACHAL PRADESH,1940,79.9,84.8,24.3
895.5,21.5,231.6,34.1,49.4,44.5,182,92.8,93.9,589.9,70.1,70.6,162.3,2.9,1,12.5,49.5,83.5,HIMACHAL PRADESH,1941,49.4,83.5,34.1
1328.3,84.6,348.6,59.8,156.8,74.8,273.8,66.6,231.6,842.7,28.3,73.5,186.4,0,1,7.8,67.6,153.6,HIMACHAL PRADESH,1942,156.8,153.7,59.8
1223.1,74.8,377.7,13.1,26.1,171.1,237.2,36.6,197.2,763,96.7,78.1,249.6,0.2,1,0,13.3,111.5,HIMACHAL PRADESH,1943,26.1,111.5,13.1
1128.8,51,226.7,67.4,112.5,108.3,277.4,51,220.8,635.3,106.2,16.9,174.2,7.2,1,23.9,98.5,80.2,HIMACHAL PRADESH,1944,112.5,80.2,67.4
1646.9,81,352.5,5.2,10.3,196,424.4,74.2,206.3,1182,105,24.5,210.4,2.9,1,40,48.2,331,HIMACHAL PRADESH,1945,10.3,330.9,5.3
1539,42,379.1,61.5,85.9,45.2,462.3,159.3,131,1041.9,77.9,56.6,176.5,49,1,79.1,189.6,41.1,HIMACHAL PRADESH,1946,85.8,41.2,61.5
1313.2,4.5,257.3,57.3,38.2,78,260.1,50.3,116.2,1005.7,82.8,32.2,119.4,0,1,14.6,71.9,438.1,HIMACHAL PRADESH,1947,38.2,438,57.3
1758.7,47.5,456.6,73,185,33.5,380,55.5,218.5,1007.5,382,13.7,443.2,0,1,16.5,89.5,115.4,HIMACHAL PRADESH,1948,185,115.4,73
1310.9,45,265.2,15,140,28,548.7,48.2,168,961.5,81.6,35.2,161.7,0,1,4.7,19.7,99.5,HIMACHAL PRADESH,1949,140,99.4,15
1684.4,51.7,319.3,7,67,211,392.8,83.6,278,1125.6,155,65.1,271.7,0,1,2.2,9.2,329.8,HIMACHAL PRADESH,1950,67,329.9,7
1238.5,90.4,309.3,11.1,69.4,112.3,217.3,38.8,181.7,690,87.4,89.1,266.8,69.6,1,19.3,100,124.5,HIMACHAL PRADESH,1951,69.4,124.6,11.1
1263.7,35.2,371.1,42.5,82.8,86.4,198.1,146.9,169.2,742.8,191.4,66.8,293.4,2.8,1,12.9,58.2,26.7,HIMACHAL PRADESH,1952,82.8,26.7,42.5
1425.7,86.6,330.3,62.8,51.9,149.2,390.9,107.6,201.1,919.1,98.3,36.9,221.8,9.3,1,11.6,83.7,90.2,HIMACHAL PRADESH,1953,51.9,90.3,62.8
1717.6,13,348.9,16.7,271.8,196.4,336.6,47.5,468.3,1026.4,87.2,52.2,152.4,7.6,1,46.2,70.5,293.4,HIMACHAL PRADESH,1954,271.9,293.4,16.7
1919.2,87.7,337.5,15.5,42,165,320.9,86.2,207,939,141.4,114.7,343.8,0.3,1,413.6,429.4,194.4,HIMACHAL PRADESH,1955,42,194.4,15.5
1541.6,58,266.1,86.6,44.7,96.5,293.9,118.8,141.2,791.9,206.5,26.8,291.4,8.3,1,222.3,317.1,113.1,HIMACHAL PRADESH,1956,44.7,113.1,86.5
1822.7,146.4,253.9,112.9,37.9,181,321.3,79,218.9,917.9,133.8,151.9,432.2,56.3,1,84.5,253.8,263.7,HIMACHAL PRADESH,1957,37.9,263.7,113
1572.3,61.7,265.3,171.1,22.4,84,452,34.7,106.4,1017.9,72.8,65,199.4,2.2,1,75.2,248.6,265.9,HIMACHAL PRADESH,1958,22.4,265.9,171.2
1640.3,43.3,243.7,1,243.1,136.1,418.6,52,379.2,933.8,94.7,52.8,190.8,53.9,1,81.7,136.5,219.5,HIMACHAL PRADESH,1959,243.1,219.5,0.9
1115.1,66.2,226.8,66.2,0.7,82.9,355.3,78.3,83.6,733.3,134.2,20.8,221.1,3.8,1,7.2,77.2,72.9,HIMACHAL PRADESH,1960,0.7,72.9,66.2
1515.5,104.2,314.3,37.2,157.2,153.8,320.3,88.7,311,876.3,68.8,34.2,207.1,37.6,1,46.2,121,153.1,HIMACHAL PRADESH,1961,157.2,153,37.2
1393.5,102.6,255.8,43.8,102.9,45,242.7,86.5,147.9,888.6,82.9,55.4,240.9,66.5,1,5.8,116.1,303.7,HIMACHAL PRADESH,1962,102.9,303.6,43.8
1354.5,49.5,308.1,52.2,57.2,14.1,325.7,108.9,71.3,854,201.2,47.2,297.9,76.8,1,2.4,131.3,111.3,HIMACHAL PRADESH,1963,57.2,111.3,52.1
1354.1,97.7,246.8,39.6,58.8,176.6,278.9,86.2,235.5,809.1,83.6,86.8,268.2,1.8,1,0.1,41.4,197.1,HIMACHAL PRADESH,1964,58.9,197.2,39.5
1220.4,126.6,117.3,18.3,209.1,52.5,278.3,24.9,261.6,460.4,170.9,143.9,441.4,12.8,1,25.8,57,39.9,HIMACHAL PRADESH,1965,209.1,39.9,18.4
1371,77.2,298,40.8,145,0.3,250.5,187.1,145.3,888.9,78.4,95.7,251.2,13.9,1,30.8,85.6,153.3,HIMACHAL PRADESH,1966,145,153.3,40.9
1558.5,31.4,403.3,112.4,99.1,30.8,386.3,99.3,129.9,994.5,181.5,48.1,260.9,23.8,1,36.9,173.2,105.7,HIMACHAL PRADESH,1967,99.1,105.6,112.5
1168.2,50.9,181.1,58.8,114.1,188.5,277.2,99.3,302.6,573.8,80.8,44.9,176.6,9.1,1,47.2,115.2,16.3,HIMACHAL PRADESH,1968,114.1,16.2,58.9
1127.6,130.4,306.7,1.5,78.6,66,201.8,31,144.6,656.6,72.7,111,314.1,2.4,1,8.4,12.3,117.2,HIMACHAL PRADESH,1969,78.6,117.1,1.5
1082.5,7.3,280.4,0.3,39,116.5,223.4,163.2,155.4,831.4,37.9,43.5,88.6,0.2,1,6.6,7.1,164.4,HIMACHAL PRADESH,1970,38.9,164.4,0.3
1275.1,57.5,301.2,2.6,76.5,53.1,352.8,252.7,129.6,973.7,13.7,71.8,143.1,12.2,1,13.8,28.6,67,HIMACHAL PRADESH,1971,76.5,67,2.6
842.3,82.1,159.9,54,77,55,184.2,43.8,132,445.5,55,21.3,158.4,21.3,1,31.1,106.4,57.6,HIMACHAL PRADESH,1972,77,57.6,54
955.2,15.7,213.9,29.1,80.6,116.8,167.8,99.1,197.3,567.1,68.4,40,124.1,5.4,1,32.1,66.6,86.3,HIMACHAL PRADESH,1973,80.5,86.3,29.1
776.1,24.6,204.6,45.1,44.6,75,168.8,76.4,119.6,480.2,33.7,41.8,100,2.4,1,28.8,76.3,30.5,HIMACHAL PRADESH,1974,44.6,30.4,45.1
1054.1,25.4,191.8,2.7,124.7,137.8,214,86.9,262.5,587.9,126.3,35.1,186.8,0.2,1,13.8,16.8,95.3,HIMACHAL PRADESH,1975,124.7,95.2,2.8
1179.3,49.1,238,14.6,105.5,66.7,368.9,85.5,172.2,765,126.6,30.1,205.7,1.7,1,20.2,36.4,72.6,HIMACHAL PRADESH,1976,105.5,72.6,14.5
1245,97.5,236.4,69.2,4.7,85.5,339.7,86.1,90.2,859.3,12.9,87.2,197.6,9.9,1,18.8,97.9,197.1,HIMACHAL PRADESH,1977,4.7,197.1,69.2
1371.2,53.5,300.1,9,102.6,63.7,280,156.1,166.3,873.9,157.9,31.1,242.5,75.9,1,3.6,88.4,137.7,HIMACHAL PRADESH,1978,102.6,137.7,8.9
1021,31.9,119,29.6,115.3,170,163.4,64.8,285.2,390.7,157.4,85.1,274.4,34,1,7,70.7,43.5,HIMACHAL PRADESH,1979,115.2,43.5,29.7
1155,28.5,128.8,40.5,87.1,83.2,477.1,106.8,170.4,765.3,71.7,26.1,126.4,27.3,1,25.3,93,52.5,HIMACHAL PRADESH,1980,87.2,52.6,40.4
1147.1,54.4,163.4,7.9,96.3,114.5,233.5,94.7,210.8,563.3,162,67.1,283.4,70.4,1,11.4,89.6,71.6,HIMACHAL PRADESH,1981,96.3,71.7,7.8
1423,146.2,170.2,75.7,147.7,187.3,160.4,58.3,335,420.4,228.9,152.5,527.6,21.8,1,42.5,140,31.5,HIMACHAL PRADESH,1982,147.7,31.5,75.7
1189.6,136.7,204.2,13.9,97.6,91.7,166.7,59.2,189.3,551.6,162.8,86.1,385.5,1,1,48.2,63.2,121.5,HIMACHAL PRADESH,1983,97.6,121.5,14
968.3,68.6,192.5,38.4,134.5,24.3,194.4,105,158.8,613.3,38.7,14.7,122,25.1,1,10.6,74.2,121.5,HIMACHAL PRADESH,1984,134.5,121.4,38.5
1193.9,65.6,252.7,88,23,70.4,301.3,54.1,93.4,726.1,36.2,54.3,156.1,2.8,1,127.6,218.3,118,HIMACHAL PRADESH,1985,23,118,87.9
1322.6,105.3,246.9,89.5,119.3,7.3,240.9,86.4,126.6,626.6,159.4,99.1,363.7,72.7,1,43.4,205.6,52.4,HIMACHAL PRADESH,1986,119.3,52.4,89.5
1035.6,132.1,147.8,11.6,84.6,68.1,90.4,81,152.7,369.6,77.9,214.2,424.2,0.8,1,76.7,89.1,50.3,HIMACHAL PRADESH,1987,84.6,50.4,11.6
1881.1,27.2,304.7,123.5,128.3,41.6,411.3,84,169.8,1160.3,353.9,39.3,420.4,4.9,1,2.2,130.6,360.2,HIMACHAL PRADESH,1988,128.2,360.3,123.5
1177.2,39.4,247.3,59.4,62.5,111,291.1,59.7,173.5,663,89.2,92.5,221.2,52.9,1,7.3,119.6,64.9,HIMACHAL PRADESH,1989,62.5,64.9,59.4
1462.7,52.5,221.8,140.6,161.2,36.2,302.3,80.2,197.4,767,217.7,61.8,332,10.1,1,15.6,166.3,162.8,HIMACHAL PRADESH,1990,161.2,162.7,140.6
1104.8,104.5,258.3,40.9,143.1,24,141.6,67.1,167.1,595.6,120.6,69.7,294.8,4.3,1,2.2,47.4,128.5,HIMACHAL PRADESH,1991,143.1,128.6,40.9
1383.1,36.9,374,4.7,75.8,123.9,277.5,53,199.7,832.2,199.4,83.9,320.1,19.4,1,7,31.1,127.6,HIMACHAL PRADESH,1992,75.8,127.7,4.7
1128.3,20.6,89.1,0,69.7,109.2,386.9,70.9,178.8,690,164.1,56.7,241.5,17.7,1,0.3,18,143.1,HIMACHAL PRADESH,1993,69.6,143.1,0
1410.2,131.3,311,77.6,124.7,88.7,367,114.2,213.4,884.8,29,65.5,225.8,0.1,1,8.5,86.2,92.7,HIMACHAL PRADESH,1994,124.7,92.6,77.6
1493.9,85.8,345.1,17.7,140,61.5,332.4,66.5,201.5,1028.6,96.7,44.2,226.7,13.9,1,5.4,37.1,284.5,HIMACHAL PRADESH,1995,140,284.6,17.8
1384.4,50.6,348.3,6.4,117.8,118.6,210.6,173.7,236.4,871.1,112.5,68.5,231.6,0.6,1,38.3,45.3,138.5,HIMACHAL PRADESH,1996,117.8,138.5,6.4
1454.5,97.4,476.1,108.5,58.5,50.9,198.7,92.3,109.3,881,60.4,66.1,223.8,87.4,1,44.4,240.3,113.8,HIMACHAL PRADESH,1997,58.4,113.9,108.5
1381.6,71.5,239.8,2.4,133.8,13.5,210.7,152.3,147.3,854.3,139.4,41.3,252.3,5.9,1,119.4,127.7,251.5,HIMACHAL PRADESH,1998,133.8,251.5,2.4
1144.9,7.1,284.6,2.5,54.3,109.2,304.1,104.7,163.5,804.8,33.4,98.3,138.8,28.9,1,6.4,37.8,111.4,HIMACHAL PRADESH,1999,54.3,111.4,2.5
1068.4,25.6,126.7,6.9,119,118.2,265.1,198,237.2,640,68.1,79.9,173.7,10.5,1,0,17.5,50.1,HIMACHAL PRADESH,2000,119,50.2,7
991.8,66.9,202.3,37.3,35.7,30.5,239.5,153.8,66.2,622.5,105.8,67.3,240,20.8,1,5,63.1,26.9,HIMACHAL PRADESH,2001,35.7,26.9,37.3
990.4,124,225.6,3.9,136.5,66.7,81.8,56.1,203.2,486.6,136.9,27,287.9,0.7,1,8.2,12.8,123.1,HIMACHAL PRADESH,2002,136.5,123.1,3.9
1034.5,52.9,228.7,40.4,116.6,39.5,187.7,61.4,156.1,613.3,113,35.9,201.9,22.5,1,0.3,63.2,135.5,HIMACHAL PRADESH,2003,116.6,135.5,40.4
878.5,54.7,202.5,49.4,43,86.2,141.3,76.1,129.3,467.5,5.9,57.6,118.3,9.3,1,104.7,163.5,47.6,HIMACHAL PRADESH,2004,43.1,47.6,49.5
1248.5,35.2,114.2,4.5,222.9,147.8,317.2,52.6,370.7,640.3,143.3,52.4,230.9,0.3,1,1.8,6.6,156.3,HIMACHAL PRADESH,2005,222.9,156.3,4.5
1218.4,44.3,274.2,51.2,38.2,102.5,260.3,104.8,140.7,732.1,137.3,68.4,250,26.9,1,17.5,95.6,92.8,HIMACHAL PRADESH,2006,38.2,92.8,51.2
1034.5,9.6,234.3,35.6,121,1.3,155.2,155.7,122.3,631,177,39.3,225.9,1,1,18.7,55.4,85.7,HIMACHAL PRADESH,2007,121,85.8,35.7
1114.2,44.4,224.7,38.9,63.2,129.9,194.9,187.3,193.1,749.4,6.3,42.9,93.6,5.3,1,33.9,78,142.6,HIMACHAL PRADESH,2008,63.2,142.5,38.8
956.5,91.2,162.6,7.8,45.9,54.8,170.2,45.5,100.7,550.3,43.4,53.5,188.2,93.1,1,16.4,117.2,172.1,HIMACHAL PRADESH,2009,45.9,172,7.7
1259.4,60.3,274.1,58.1,96.6,25.5,291.8,108.5,122.1,851.2,45.1,81.4,186.8,10.8,1,30.5,99.4,176.7,HIMACHAL PRADESH,2010,96.6,176.8,58.1
1108.3,62.4,380.2,6.9,97.4,43.9,177.7,118.3,141.3,796.6,49.7,45.1,157.3,0.3,1,6,13.2,120.3,HIMACHAL PRADESH,2011,97.4,120.4,6.9
951.6,55.9,280.6,21.8,51.3,92.3,241.5,31.1,143.5,686.3,28.4,9.4,93.7,3.2,1,3.1,28.1,133.1,HIMACHAL PRADESH,2012,51.2,133.1,21.8
1211.9,28.9,240,24.8,182.6,79.9,208.8,233.6,262.5,748.2,76.6,32.6,138.1,16.6,1,21.8,63.2,65.8,HIMACHAL PRADESH,2013,182.6,65.8,24.8
1008.7,60.6,146.7,49.3,124.9,69.6,203.6,51.7,194.5,486.6,125.2,68.9,254.6,4.5,1,19.3,73,84.6,HIMACHAL PRADESH,2014,124.9,84.6,49.2
1210.5,84.9,195.9,25,156.6,67.2,249.9,85.8,223.9,607.2,192.5,45,322.3,14.5,1,17.7,57.2,75.5,HIMACHAL PRADESH,2015,156.7,75.6,25
979.9,132.2,181.3,4.4,69.3,66.4,171.7,53.4,135.6,508.2,69.6,105.8,307.6,0,1,24.1,28.5,101.8,JAMMU & KASHMIR,1901,69.2,101.8,4.4
760.5,100.5,136.9,1.8,9.7,6.5,108.4,113.3,16.2,420.9,91.3,70.7,262.5,44,1,15.1,60.9,62.2,JAMMU & KASHMIR,1902,9.7,62.3,1.8
1286.6,58.7,218.6,41.8,21.5,96.2,332.5,18.9,117.7,746.9,238.6,57.3,354.6,15,1,10.7,67.5,176.9,JAMMU & KASHMIR,1903,21.5,176.9,41.8
982.2,64.5,132.2,99.2,17.3,110.6,182.3,25.9,128,402.7,145.2,67.8,277.5,24.8,1,50,174,62.3,JAMMU & KASHMIR,1904,17.4,62.3,99.2
1157.7,71.7,111.5,90.2,76.3,146.7,145.2,43.3,223,539.7,161.4,65.2,298.4,0.6,1,5.8,96.7,239.7,JAMMU & KASHMIR,1905,76.3,239.7,90.3
1193.1,49.3,257.4,36.9,160.4,81,107,52.2,241.4,653.6,167.2,39.4,255.9,0,1,5.3,42.1,237,JAMMU & KASHMIR,1906,160.4,237,36.8
1069.6,151,220.3,0.8,195.8,99.6,85.1,85.9,295.4,416.3,132.2,57,340.2,3.1,1,13.9,17.8,24.9,JAMMU & KASHMIR,1907,195.8,25,0.8
1227.3,195.8,345.9,86,51.4,86.4,233.3,26.1,137.7,724.3,28.1,45.3,269.1,1.2,1,9,96.2,118.9,JAMMU & KASHMIR,1908,51.3,119,86
1339.9,48,264.7,73.4,149.3,91.9,252.2,68.2,241.2,822.9,56.1,43.1,147.2,0.1,1,55.2,128.7,237.7,JAMMU & KASHMIR,1909,149.3,237.8,73.4
1109.4,99.7,276.1,66.7,85.1,123.6,193.7,126.2,208.7,635.4,65.6,33,198.3,0.1,1,0.4,67.1,39.4,JAMMU & KASHMIR,1910,85.1,39.4,66.6
1280.2,53.1,144.4,28.1,52.3,344.8,95.1,76.7,397.1,389,285.4,18.7,357.2,93.6,1,15.1,136.9,72.8,JAMMU & KASHMIR,1911,52.3,72.8,28.2
936.7,102.8,152.9,47.3,39.7,169.8,192.7,22.9,209.5,382.5,107.5,61.1,271.4,21.4,1,4.6,73.3,14,JAMMU & KASHMIR,1912,39.7,14,47.3
1000.2,81,173.9,63.7,141.9,68.4,152.2,99.1,210.3,449.6,95,54.4,230.4,33.4,1,12.8,109.8,24.4,JAMMU & KASHMIR,1913,141.9,24.4,63.6
1692.1,153.7,159.3,95.6,228.9,47.8,369.9,86.1,276.7,718.6,155.4,91.9,400.9,43,1,157.3,295.9,103.3,JAMMU & KASHMIR,1914,228.9,103.3,95.6
963.9,132.3,174.6,21.9,218.3,47.4,87.7,54.4,265.8,388.4,109.7,18.2,260.2,0,1,27.6,49.5,71.7,JAMMU & KASHMIR,1915,218.4,71.7,21.9
1034.3,67.7,216.5,7.2,159.4,37.5,244.3,92.9,196.8,600.6,69,58.6,195.3,3.4,1,30.9,41.6,46.9,JAMMU & KASHMIR,1916,159.3,46.9,7.3
1386.1,145,231.4,76.5,34.2,63.6,170.3,155.4,97.8,776.7,92.7,67.9,305.6,0,1,129.6,206,219.5,JAMMU & KASHMIR,1917,34.2,219.6,76.4
916.5,173.9,118.1,88.9,27.7,25.8,95.3,59.6,53.5,292,269,4.7,447.6,19.6,1,14.9,123.4,19,JAMMU & KASHMIR,1918,27.7,19,88.9
1189.2,73.3,208.5,126.8,98.3,187.7,247.2,36.9,285.9,530.4,121.6,49.5,244.4,0.3,1,1.4,128.5,37.7,JAMMU & KASHMIR,1919,98.2,37.8,126.8
889.9,97.2,98.1,34.7,126.4,82.9,81.2,40.2,209.2,267.5,199.8,63.3,360.4,0.8,1,17.3,52.8,48,JAMMU & KASHMIR,1920,126.3,48,34.7
1057.6,44.9,209.3,169.3,71.3,140.6,137.7,56.7,211.9,469.5,60.4,21.8,127.1,3.1,1,76.8,249.2,65.8,JAMMU & KASHMIR,1921,71.3,65.8,169.3
890.8,67.4,99.1,59.7,60.6,87.9,163.9,63.4,148.5,476.1,82.4,26.5,176.3,1.5,1,28.7,89.8,149.7,JAMMU & KASHMIR,1922,60.6,149.7,59.6
1264.3,60.9,244.9,52.6,163.2,185.9,176.7,23.8,349.2,478.3,106.9,135.7,303.5,9.3,1,71.4,133.3,33,JAMMU & KASHMIR,1923,163.3,32.9,52.6
1182.2,87.6,203.9,89.8,218.7,89.2,138.2,4,307.9,449.5,91.6,132.2,311.5,22.3,1,1.3,113.4,103.2,JAMMU & KASHMIR,1924,218.7,103.4,89.8
1013.3,70.9,179.3,0,86.8,90.4,242.3,80.7,177.3,528.2,45.7,106.1,222.7,52.5,1,32.7,85.2,25.9,JAMMU & KASHMIR,1925,86.9,25.9,0
1123.6,123.9,245.1,34.1,61.7,52.6,185.8,33.9,114.4,574,182.4,92,398.3,2.5,1,0.3,36.9,109.2,JAMMU & KASHMIR,1926,61.8,109.2,34.1
973.1,53.2,220.3,40.3,117.3,84.6,226.2,27.9,202,502.2,80.8,82.6,216.6,4.5,1,7.6,52.3,27.7,JAMMU & KASHMIR,1927,117.4,27.8,40.2
1291,109.2,177.1,138.3,192.2,142.9,115.7,46.2,335.1,460.6,125.9,18.4,253.4,102.4,1,1.2,241.9,121.6,JAMMU & KASHMIR,1928,192.2,121.6,138.3
1102.7,53,266.7,186.6,66.4,121.2,182.6,60,187.6,530.2,40.3,42.6,135.9,2,1,60.4,249,20.9,JAMMU & KASHMIR,1929,66.4,20.9,186.6
1168,209.2,105.9,7.6,116.1,201.8,211,55.1,317.9,421.1,114.6,53.1,376.9,0.9,1,43.7,52.2,49,JAMMU & KASHMIR,1930,116.1,49.1,7.6
955,35.5,192.6,5.3,142.4,124.7,205,11.1,267.1,439.1,47.1,109,191.7,7.9,1,43.9,57.2,30.4,JAMMU & KASHMIR,1931,142.4,30.4,5.4
1039.4,32.8,174.1,84,102.7,99.4,255,58.6,202.1,499.2,122.7,87.1,242.6,1.6,1,9.9,95.5,11.5,JAMMU & KASHMIR,1932,102.7,11.5,84
1187.7,107.2,217.7,2.1,137.4,104,175.2,63.7,241.4,558.5,187.1,31.1,325.4,12.2,1,48.1,62.4,101.9,JAMMU & KASHMIR,1933,137.4,101.9,2.1
803.1,96.8,158.9,73.5,27.2,110.1,146.3,60.7,137.3,382.7,71.1,36.2,204.1,2,1,3.5,79,16.8,JAMMU & KASHMIR,1934,27.2,16.8,73.5
1085.5,145.5,183.4,19.7,95.7,193.3,154.3,44.7,289,412.8,129.9,20.1,295.6,48.9,1,19.5,88.1,30.4,JAMMU & KASHMIR,1935,95.7,30.4,19.7
1140.8,62.4,140.2,94.7,168.9,59.9,163.6,96,228.8,454.4,242.1,21.8,326.3,19.9,1,16.7,131.3,54.7,JAMMU & KASHMIR,1936,168.9,54.6,94.7
939.6,80.7,73.5,121.1,160,67.9,133,32.2,227.8,296.2,91,19.5,191.2,14.7,1,88.7,224.4,57.5,JAMMU & KASHMIR,1937,159.9,57.5,121
1061.7,76.4,136.7,29,194.2,183.1,123,118.7,377.3,389.6,132.6,14.8,223.7,11.1,1,31,71,11.2,JAMMU & KASHMIR,1938,194.2,11.2,28.9
1003.5,68.5,95.2,1.1,221,89.1,164.2,34.6,310.2,366.7,179.9,19.6,268.1,0,1,57.4,58.6,72.7,JAMMU & KASHMIR,1939,221.1,72.7,1.2
878.3,71.9,151.9,19.2,61.1,96.8,127.4,85.2,157.8,434.3,108.9,69,249.8,8.6,1,8.5,36.4,69.9,JAMMU & KASHMIR,1940,61,69.8,19.3
871.6,40.1,100.8,87,52.5,81.7,120.2,44,134.2,428.1,109.6,41.3,191,19.9,1,11.4,118.3,163.2,JAMMU & KASHMIR,1941,52.5,163.1,87
1239.8,85.9,274.5,80.2,196.9,127.7,200,35.5,324.6,590.2,39.4,88,213.3,9.8,1,21.7,111.7,80.3,JAMMU & KASHMIR,1942,196.9,80.2,80.2
1167.7,94.9,228.8,29.8,37.5,245.5,135.1,27.6,283.1,485.5,145,124.8,364.6,3.6,1,1.1,34.5,94,JAMMU & KASHMIR,1943,37.6,94,29.8
1051,72.5,183.2,74.2,142.5,114.9,193.9,37.2,257.4,465.5,98.8,26.4,197.7,37.8,1,18.4,130.4,51.1,JAMMU & KASHMIR,1944,142.5,51.2,74.2
856.2,101.8,104.1,10.3,23,131.7,129.7,49.8,154.7,377.8,138.2,37.8,277.8,9.5,1,26.1,45.8,94.3,JAMMU & KASHMIR,1945,23,94.2,10.2
922.3,26,173.8,104.5,89.7,36.6,159,82.6,126.2,431.7,87.1,32.4,145.6,70.8,1,43.5,218.8,16.3,JAMMU & KASHMIR,1946,89.6,16.3,104.5
914,5.7,182,79.4,81.9,64.7,130,39.2,146.6,529.2,68.3,61.3,135.3,8.9,1,14.6,102.9,177.9,JAMMU & KASHMIR,1947,81.9,178,79.4
1183.1,43.4,182,76.1,133.7,47.9,278.3,66.9,181.6,587.8,261.1,21.4,325.9,5.5,1,6.2,87.9,60.6,JAMMU & KASHMIR,1948,133.7,60.6,76.2
946.9,59.1,85.1,37.5,194,101.3,144.6,69.2,295.3,337.5,127.7,54.9,241.6,11,1,24,72.4,38.6,JAMMU & KASHMIR,1949,194,38.6,37.4
1523.1,119.3,175.6,5.7,96.1,367.8,182.2,20.9,463.9,749.8,115.4,55.5,290.2,0.7,1,12.8,19.2,371.1,JAMMU & KASHMIR,1950,96.1,371.1,5.7
963,90.1,160.6,32.8,99.3,107.3,116.9,64.8,206.6,369.8,120.6,94.6,305.3,25.4,1,23,81.3,27.4,JAMMU & KASHMIR,1951,99.3,27.5,32.9
1069.6,42.7,216.9,75.2,94.1,88.2,175.9,77.4,182.3,489.6,199.5,62.8,305,16,1,1.4,92.6,19.4,JAMMU & KASHMIR,1952,94.1,19.4,75.2
1229.6,97.2,257.5,55.8,46.6,135.5,248.7,75.4,182,699.1,98.6,29.6,225.4,16,1,51.3,123.1,117.5,JAMMU & KASHMIR,1953,46.5,117.5,55.8
1307.1,16.2,123.2,12.3,250.6,308.4,96.1,26.1,559,531.4,60.7,73.7,150.5,15.9,1,38.1,66.2,286,JAMMU & KASHMIR,1954,250.6,286,12.2
1156.4,64.4,329.4,21.4,14.9,47.9,160,20.8,62.8,599.3,124.4,113.5,302.2,0,1,170.6,192,89.2,JAMMU & KASHMIR,1955,14.9,89.1,21.4
1520.8,115.1,292.5,57.8,63.9,136.4,356.8,113,200.3,811.6,180.9,18.5,314.5,2.5,1,134,194.4,49.3,JAMMU & KASHMIR,1956,63.9,49.3,57.9
1520.3,222.7,203.2,62.6,144.7,184.1,143.8,73.5,328.7,450.4,110.9,144.4,478,86.9,1,113.6,263.1,29.9,JAMMU & KASHMIR,1957,144.6,29.9,62.6
1350.4,101,265.1,93.3,85.8,38.7,253.5,34.5,124.5,782.5,116,91.6,308.6,16.3,1,25.3,134.8,229.3,JAMMU & KASHMIR,1958,85.8,229.4,93.2
1550.3,33.3,243.7,17,120.8,113.5,454.6,19.8,234.3,961.2,114.6,57.4,205.3,85.2,1,47.3,149.6,243,JAMMU & KASHMIR,1959,120.8,243.1,17.1
766.4,47,183.3,39,9.9,48.2,202.3,23.3,58,443.1,144.7,29.3,221,4.1,1,1.1,44.2,34.2,JAMMU & KASHMIR,1960,9.8,34.2,39
1138.2,107.5,217.4,35,57.9,103.3,199.6,107.3,161.2,642.7,54.5,55.1,217.2,53.2,1,28.8,117.1,118.3,JAMMU & KASHMIR,1961,57.9,118.4,35.1
930.3,117.5,137.1,63.5,97,20.5,132.7,41.1,117.4,482.3,51,34,202.5,52.7,1,11.9,128.1,171.3,JAMMU & KASHMIR,1962,96.9,171.4,63.5
909.2,188.9,67,60.2,36.4,0,68.4,24.8,36.4,193.1,251.8,82.4,523.1,83.5,1,12.8,156.5,32.9,JAMMU & KASHMIR,1963,36.4,32.9,60.2
946.2,134.6,99.4,58,60.7,126.2,167.4,92.7,186.9,423.5,96,41.3,272,4.6,1,1.3,63.9,64,JAMMU & KASHMIR,1964,60.7,64,58
912.6,179.8,62,25.2,138.1,62.2,83.9,32.4,200.4,194.7,99.9,153.4,433.1,33,1,26.2,84.4,16.4,JAMMU & KASHMIR,1965,138.2,16.4,25.2
1378.9,148.5,203.9,22.4,199.3,1.5,169.7,59.9,200.9,650.9,155.2,114,417.6,3.5,1,83.6,109.5,217.4,JAMMU & KASHMIR,1966,199.4,217.4,22.4
1091.3,88.1,160.6,131.2,114,17.5,137.9,52,131.5,466.3,156.9,54.5,299.5,15.7,1,47.1,194,115.9,JAMMU & KASHMIR,1967,114,115.8,131.2
1065.6,63,183.2,58.2,72.4,117.2,259.3,52.1,189.7,515.5,85.2,58.6,206.8,29.8,1,65.6,153.6,20.9,JAMMU & KASHMIR,1968,72.5,20.9,58.2
1095.6,174.1,176.4,1.1,139.7,81.2,156.6,33.3,220.9,411.3,112.1,107.7,393.9,5.6,1,62.8,69.5,45,JAMMU & KASHMIR,1969,139.7,45,1.1
657,36,99.8,4.9,44.5,51.7,67.2,79.5,96.2,331,94.1,37.5,167.5,0,1,57.3,62.2,84.4,JAMMU & KASHMIR,1970,44.5,84.5,4.9
764.7,111,192.7,20.8,112,28.1,117.6,93.2,140.2,417.1,10.4,34.5,155.9,27.1,1,3.6,51.5,13.5,JAMMU & KASHMIR,1971,112.1,13.6,20.8
1145.6,119.5,142.8,87.1,128.5,70.2,122.4,31.8,198.7,364.5,169.3,84.1,372.9,25.8,1,96.7,209.6,67.5,JAMMU & KASHMIR,1972,128.5,67.5,87.1
1100.5,65.9,299.7,51.8,83.4,134.1,180.9,29.1,217.5,555.2,131.3,57.2,254.4,0,1,21.6,73.4,45.5,JAMMU & KASHMIR,1973,83.4,45.5,51.8
802.6,46.2,49.1,79.2,100.6,118.1,90.1,122.3,218.7,305.5,64.3,76,186.5,0.6,1,12,91.9,44,JAMMU & KASHMIR,1974,100.6,44,79.3
1180.4,83.5,256.5,5.8,94.3,71.5,262.7,39.6,165.8,632.2,180.1,98.4,362,12.8,1,1.8,20.3,73.5,JAMMU & KASHMIR,1975,94.3,73.4,5.7
1023.7,72.4,266.9,23.5,156.4,96.6,108.2,47.6,253.1,481.6,116.8,41.1,230.4,0,1,35.1,58.7,58.8,JAMMU & KASHMIR,1976,156.5,58.9,23.6
955,145.3,115,73.1,21.3,150.2,183.7,56.5,171.5,418.4,21.1,68.8,235.2,20.8,1,36.1,130,63.2,JAMMU & KASHMIR,1977,21.3,63.2,73.1
1061.6,60.6,173.4,0.8,73,50.2,172,76.7,123.2,492.3,253.6,40.4,354.5,89.7,1,1.1,91.6,70.1,JAMMU & KASHMIR,1978,73,70.2,0.8
1077.4,58.4,115.9,39.5,98.4,65.6,103.8,51.6,164,342.3,228.6,147.1,434,89.9,1,7.6,137.1,71,JAMMU & KASHMIR,1979,98.4,71,39.6
1017.9,36.1,68.7,57.1,171.6,84.1,161.9,106.9,255.7,395.3,136.8,61.4,234.4,47.3,1,28,132.4,57.8,JAMMU & KASHMIR,1980,171.6,57.8,57.1
1135.5,88.9,90.3,7.3,131.2,146.1,216,72.3,277.3,405.3,227.3,76.7,392.8,37.4,1,15.3,60.1,26.7,JAMMU & KASHMIR,1981,131.2,26.7,7.4
1202.2,128.7,134.5,96,139,91.9,89.6,42,230.9,299.4,222.4,104.6,455.8,55.9,1,64.2,216.2,33.3,JAMMU & KASHMIR,1982,139,33.3,96.1
1485.2,207.8,222.1,21.2,97.2,118.8,154,67.1,216,558.2,318.8,108.8,635.4,14.6,1,39.7,75.6,115.1,JAMMU & KASHMIR,1983,97.2,115,21.3
1157.4,128.2,234.7,70.2,181.2,33.6,159.6,63.2,214.8,553.9,90.5,52.3,271,45.4,1,2,117.7,96.4,JAMMU & KASHMIR,1984,181.2,96.4,70.3
1167.1,71.4,154.8,179.7,23.7,80.1,295.5,54.4,103.9,559.4,42.1,106.9,220.4,13.9,1,90,283.5,54.7,JAMMU & KASHMIR,1985,23.8,54.7,179.6
1521,163.7,217.9,159.5,110.9,20.9,230.8,63.5,131.8,548.9,235,72.4,471.1,164.1,1,45.5,369.2,36.9,JAMMU & KASHMIR,1986,110.9,36.7,159.6
1216,134.7,128.4,15.9,150.1,45,71.9,125.1,195.1,372.5,140.4,234.4,509.5,0.3,1,122.8,139,47,JAMMU & KASHMIR,1987,150.1,47.1,15.9
1670.9,46.8,165.7,93.6,155.5,78.2,413.8,76.3,233.6,964.4,280.2,39.9,366.9,7,1,5.4,106,308.6,JAMMU & KASHMIR,1988,155.4,308.6,93.6
1216,114.6,114.9,67.1,78.2,74.9,293.8,69.1,153.1,517.1,134.1,139,387.7,50.7,1,40.3,158.1,39.3,JAMMU & KASHMIR,1989,78.2,39.3,67.1
1574,98.4,133.5,259.7,206.5,110.2,193.3,69.1,316.7,511.5,309.8,28.6,436.9,10.5,1,38.6,308.9,115.6,JAMMU & KASHMIR,1990,206.5,115.6,259.8
1448.8,233.2,204.4,50.5,216.5,71.3,162.8,75.6,287.8,591.6,176.1,93.5,502.7,5.6,1,10.6,66.7,148.9,JAMMU & KASHMIR,1991,216.5,148.8,50.5
1478.1,86.8,306.1,27.6,91.2,161.9,168.8,44.6,253.2,746.1,194.7,110.7,392.2,36.4,1,22.6,86.6,226.6,JAMMU & KASHMIR,1992,91.3,226.6,27.6
1243.8,31.8,63.4,0.2,123.6,114.9,324.7,93.6,238.5,566,233.1,106.5,371.4,54.4,1,13.2,67.8,84.3,JAMMU & KASHMIR,1993,123.6,84.3,0.2
1732.5,136.6,329.1,236,133,139.9,344.7,107.9,273,870.3,82.3,99.2,318.1,2.7,1,32.4,271.1,88.6,JAMMU & KASHMIR,1994,133.1,88.6,236
1619.6,124.9,241.3,49.6,210.2,101.4,408,56,311.6,845.4,129.3,74.4,328.5,45.6,1,38.8,134.1,140.1,JAMMU & KASHMIR,1995,210.2,140.1,49.7
1620.4,85.4,441.5,18.8,115.7,127.5,136,182,243.2,811.8,213.6,125.5,424.4,25.8,1,96.4,141,52.3,JAMMU & KASHMIR,1996,115.7,52.3,18.8
1295.9,144.5,270.2,59.2,55.6,68.4,126.6,81.2,124,553.4,164.1,89.1,397.7,84.3,1,77.3,220.8,75.4,JAMMU & KASHMIR,1997,55.6,75.4,59.2
1325.9,192.8,131.1,0,297.2,75,161,59.3,372.2,449.3,185.4,75.1,453.3,1.8,1,49.2,51.1,97.9,JAMMU & KASHMIR,1998,297.2,97.9,0.1
890.3,24.3,145,0.2,56,183.5,133.8,51.9,239.4,415.5,91.6,47.6,163.5,68.4,1,3.5,72,84.8,JAMMU & KASHMIR,1999,55.9,84.8,0.1
984.6,30.4,123.6,38.2,106.6,159.5,193.7,95.5,266.2,485.9,90.4,51.1,171.9,21,1,1.4,60.6,73.2,JAMMU & KASHMIR,2000,106.7,73.1,38.2
952.7,92.8,126.7,26.4,54.3,17.4,243.9,121.7,71.7,546.3,81.7,69.6,244.1,51.6,1,12.7,90.6,53.9,JAMMU & KASHMIR,2001,54.3,54,26.3
903.5,86.3,217.4,14.6,101.2,58.7,78.7,94.2,159.9,488.3,105.5,33,224.8,0.7,1,15.2,30.5,97.9,JAMMU & KASHMIR,2002,101.2,98,14.6
1311.1,117.5,185.5,81.7,267.2,26.9,136,41,294.2,488.5,170.9,111.3,399.7,33.7,1,13.3,128.8,126.1,JAMMU & KASHMIR,2003,267.3,126,81.8
944.9,118.9,77.9,42.4,70.6,176,118,95.2,246.6,331.8,21.2,87.5,227.6,23.3,1,73.3,138.9,40.5,JAMMU & KASHMIR,2004,70.6,40.7,42.3
1692.7,64.9,77.7,0.5,403.5,296,440.3,41.6,699.5,609.7,189.7,92,346.6,21.8,1,14.6,37,50,JAMMU & KASHMIR,2005,403.5,50.1,0.6
1519.8,34.4,331.5,115.8,92.3,200.3,209,74.3,292.5,817.8,96.8,43.8,174.9,72.5,1,46.2,234.5,203,JAMMU & KASHMIR,2006,92.2,203,115.8
1023.5,15,196.8,47,116.7,12.3,132.4,143.9,129,506.1,259.3,65.6,339.8,0,1,1.6,48.6,33,JAMMU & KASHMIR,2007,116.7,33,47
1224.5,97.7,166,89.8,130.8,153.5,266.3,134.9,284.2,612,9.9,63.3,170.8,25.2,1,42.4,157.4,44.7,JAMMU & KASHMIR,2008,130.7,44.8,89.8
,113.5,96.5,,117.9,120.3,,64.1,238.2,,63.7,64.3,241.5,,1,8.1,,50.5,JAMMU & KASHMIR,2009,117.9,-160.6,-8.1
997.9,63.9,253.2,36.1,142.2,30.9,137.3,67.4,173.2,522.9,34.9,128.3,227.1,13.6,1,25,74.7,65,JAMMU & KASHMIR,2010,142.3,65,36.1
887.6,89,131.2,23.8,211.6,43.4,81.6,72.5,254.9,357.3,97.8,32.4,219.2,12.9,1,19.4,56.1,72,JAMMU & KASHMIR,2011,211.5,72,23.8
1034.7,86.6,264.9,57.8,95.8,150.9,118.8,32.6,246.7,523,45.2,48.9,180.7,10.8,1,15.7,84.3,106.7,JAMMU & KASHMIR,2012,95.8,106.7,57.8
859.3,47.4,219.1,20.3,136.4,52.2,125.1,80.5,188.6,465.8,41.9,47.4,136.7,13.4,1,34.4,68.1,41.2,JAMMU & KASHMIR,2013,136.4,41.1,20.3
1093.4,76.1,134.6,2.3,64,75.8,100.5,25.3,139.8,623.2,153.1,52.7,281.9,14.1,1,32.2,48.5,362.8,JAMMU & KASHMIR,2014,64,362.8,2.2
1572.8,173.3,129.2,39.3,187.2,27.9,233.2,121.4,215.1,614,341.4,64.6,579.3,38.1,1,87.1,164.5,130.2,JAMMU & KASHMIR,2015,187.2,130.2,39.3
158.9,0,59.2,0.6,0,6.7,79,3,6.7,142.2,1.1,6.1,7.2,0,1,2.1,2.7,1,WEST RAJASTHAN,1901,0,1,0.6
195.6,0.5,71.3,0,0,0,27,49.1,0,189.2,0,4,4.5,0,1,1.8,1.8,41.8,WEST RAJASTHAN,1902,0,41.8,0
307,0,87.1,0.5,1.3,1.7,154.8,2.7,3,293.8,5.5,4.2,9.7,0,1,0.1,0.5,49.3,WEST RAJASTHAN,1903,1.3,49.2,0.4
167.9,0.7,45.6,7.1,2.9,3.8,39.8,14.6,6.6,121.4,16.3,11.4,28.5,2.9,1,1.4,11.4,21.4,WEST RAJASTHAN,1904,2.8,21.4,7.1
114.4,1.3,0.6,0.9,4.8,6.3,30.1,4.9,11,100.1,0.7,0.3,2.4,0,1,0,0.9,64.5,WEST RAJASTHAN,1905,4.7,64.5,0.9
269.5,0,58.6,2.4,39.1,0.1,53.7,19.9,39.1,219.3,7.8,0.2,8,0,1,0.7,3.1,87.1,WEST RAJASTHAN,1906,39,87.1,2.4
353.2,7.3,242.5,0,24.5,0.6,52.2,12.8,25,307.7,6.3,6.8,20.3,0,1,0.1,0.1,0.2,WEST RAJASTHAN,1907,24.4,0.2,0
581.9,3.8,265.8,0,0.2,8.5,208.9,28.4,8.6,559.9,0,6.6,10.4,1,1,2,3,56.8,WEST RAJASTHAN,1908,0.1,56.8,0
426.2,23.7,73.9,15.4,6.5,1.9,158.2,29.2,8.4,375.8,0,2.3,25.9,0,1,0.6,16,114.5,WEST RAJASTHAN,1909,6.5,114.5,15.4
293.2,3.6,156.6,0,0.2,2.2,50.5,67.3,2.3,286.5,0,0.3,3.9,0,1,0.5,0.5,12.2,WEST RAJASTHAN,1910,0.1,12.1,0
138.8,1.9,14.8,0,0.3,2.8,3.2,26,3.1,88.5,37.3,0.1,39.2,2.1,1,5.9,8,44.5,WEST RAJASTHAN,1911,0.3,44.5,0
279.9,2.2,96.8,0,0,16.3,119.7,19.7,16.3,249.6,0.1,2.9,5.3,3.7,1,5,8.7,13.4,WEST RAJASTHAN,1912,0,13.4,0
248.3,0.5,58.2,14.1,8.5,0.1,52,53.4,8.6,194.7,2.7,26.8,30,0.6,1,0.1,14.9,31.1,WEST RAJASTHAN,1913,8.5,31.1,14.2
302.3,8.4,54.1,0,1.8,2.6,125.3,51.6,4.4,279.3,0.1,3,11.5,3.1,1,4,7.2,48.3,WEST RAJASTHAN,1914,1.8,48.3,0.1
147.2,0.1,19,0,19.7,7,25.8,16.3,26.7,73.4,15.4,0.6,16,0,1,31.1,31.1,12.3,WEST RAJASTHAN,1915,19.7,12.3,0
421.7,1.7,191.5,0,0.3,1.5,66.1,21.2,1.8,381.6,0.2,16.4,18.4,0,1,20,20,102.8,WEST RAJASTHAN,1916,0.3,102.8,0
768.8,12.2,243.4,0.5,1.2,1.3,97.1,73.9,2.5,617.3,1.1,56.8,70.2,0,1,78.3,78.9,203,WEST RAJASTHAN,1917,1.2,202.9,0.6
62.3,0.5,40.8,0.1,0,0.4,5.1,5.6,0.4,57.4,2.7,0.7,4,0.2,1,0.2,0.5,5.9,WEST RAJASTHAN,1918,0,5.9,0.1
305,5.4,151.9,2,1.6,13.7,95.7,1.1,15.3,270,0.7,7.2,13.3,4.4,1,0,6.4,21.3,WEST RAJASTHAN,1919,1.6,21.3,2
248.7,1.5,37.2,0,1.5,2.7,94.7,60.3,4.2,192.8,0.9,49.2,51.6,0,1,0,0,0.6,WEST RAJASTHAN,1920,1.5,0.6,0
218,0,46.7,0.4,0,0.1,119.2,4.3,0.1,216.8,0,0,0,0.1,1,0.6,1.1,46.6,WEST RAJASTHAN,1921,0,46.6,0.4
244.8,0.8,33.9,2.5,0.6,0.4,90.8,18.1,1,234.5,0,4.6,5.4,0,1,1.5,4,91.7,WEST RAJASTHAN,1922,0.6,91.7,2.5
273.4,0.4,118.3,4.4,4.9,3.3,118.9,7.8,8.2,249.8,0.7,9.6,10.7,0,1,0.4,4.8,4.7,WEST RAJASTHAN,1923,4.9,4.8,4.4
297.1,0.5,68.8,10.1,2.2,4.4,86,11.5,6.6,270,0.1,8.6,9.3,0.3,1,0.9,11.3,103.6,WEST RAJASTHAN,1924,2.2,103.7,10.1
169.7,0,20,0,0,0,71.7,62.6,0,158.8,0,8.2,8.2,1.8,1,0.8,2.6,4.5,WEST RAJASTHAN,1925,0,4.5,0
440.2,0.8,179.4,0.3,0.3,5.4,95.6,4,5.7,392.6,19.4,21.4,41.6,0,1,0,0.3,113.6,WEST RAJASTHAN,1926,0.3,113.6,0.3
332.5,0.1,124.8,18.2,7.7,0,135.7,12.4,7.7,296.6,0,5.4,5.5,0.4,1,4.1,22.7,23.7,WEST RAJASTHAN,1927,7.7,23.7,18.2
272,2,140.4,0.5,0.8,0.4,79.9,10.2,1.2,247.3,1,2.1,5.2,3.3,1,14.7,18.5,16.8,WEST RAJASTHAN,1928,0.8,16.8,0.5
303.3,1.8,103.8,4.4,0,2.3,163.5,11.1,2.3,282.3,0,12.2,14,0,1,0.3,4.7,3.9,WEST RAJASTHAN,1929,0,3.9,4.4
230.1,1.8,45.2,0,1.2,2.5,100.3,47.1,3.7,200.7,0.7,16.7,19.2,0.1,1,6.3,6.4,8.1,WEST RAJASTHAN,1930,1.2,8.1,0
395.4,0,270.7,0.2,1.1,0.1,73.5,10.2,1.2,363.7,1.3,12.1,13.4,0,1,16.8,17,9.3,WEST RAJASTHAN,1931,1.1,9.3,0.2
265.3,1.8,115.5,0.6,0.2,0.7,118.6,10.8,0.9,251.2,6.3,4.4,12.5,0,1,0,0.6,6.2,WEST RAJASTHAN,1932,0.2,6.3,0.6
376.4,13,211.3,0,7.6,0,46.1,46.4,7.7,335.8,4,15.3,32.3,0.1,1,0.5,0.6,31.9,WEST RAJASTHAN,1933,7.7,32,0
322.4,0.2,185.3,2.4,0,0.8,46.8,60.7,0.8,309.2,8.2,1.6,10,0,1,0,2.4,16.4,WEST RAJASTHAN,1934,0,16.4,2.4
256.6,8.4,38.2,1,2.7,9.2,137.4,4.1,11.9,227,2.5,0.8,11.6,0.7,1,4.5,6.2,47.2,WEST RAJASTHAN,1935,2.7,47.3,1
265.5,0.3,119,2,4.6,0.1,33.3,56.6,4.7,246.7,1.8,0.4,2.4,9.6,1,0,11.6,37.7,WEST RAJASTHAN,1936,4.6,37.8,2
292.5,1.9,1.1,11.6,25.5,0,171.8,17.5,25.5,250.9,0.7,1.2,3.9,0,1,0.7,12.3,60.4,WEST RAJASTHAN,1937,25.5,60.5,11.6
183.5,0.6,45.1,0.1,0.5,2.1,75.5,52.6,2.6,174.8,0,4.3,4.9,0,1,1.1,1.2,1.6,WEST RAJASTHAN,1938,0.5,1.6,0.1
137.4,0.2,53.5,0,25,0.3,15.9,22.3,25.3,103.8,7.8,0.3,8.3,0,1,0,0,12.1,WEST RAJASTHAN,1939,25,12.1,0
292.4,1.2,160.4,0,8.5,18.1,55.7,34.5,26.6,253.5,6.8,2.2,10.2,0.7,1,1.4,2.1,2.9,WEST RAJASTHAN,1940,8.5,2.9,0
224.8,0,86.3,2.8,0.5,8.7,74,21.9,9.2,200.9,1.2,10.2,11.5,0,1,0.4,3.2,18.6,WEST RAJASTHAN,1941,0.5,18.7,2.8
338.9,3.7,80.5,3.3,12.2,3.6,124.3,19.4,15.9,299.3,0,16.4,20.2,0,1,0.3,3.5,75.2,WEST RAJASTHAN,1942,12.3,75.1,3.2
295.6,2,22.3,0.3,0,1.5,195.2,20.8,1.5,290.7,0.1,1,3.1,0,1,0,0.3,52.3,WEST RAJASTHAN,1943,0,52.4,0.3
525.1,11.2,325.3,0.1,5.7,14.2,137,15.1,19.8,482.2,9.7,0.9,21.8,0,1,1.1,1.3,4.7,WEST RAJASTHAN,1944,5.6,4.8,0.2
364,6.1,73,0,0,18.3,174.5,40.9,18.3,323.5,0.6,15,21.8,0,1,0.4,0.5,35.1,WEST RAJASTHAN,1945,0,35.1,0.1
223.1,0,117,3.6,1.1,0,41.7,45.5,1.1,214.3,0,3,3,0,1,1,4.7,10.1,WEST RAJASTHAN,1946,1.1,10.1,3.7
253.2,0,140.5,0.8,1.5,2.5,18.3,0.6,4,241.7,0.2,0.7,0.9,0,1,5.7,6.5,82.4,WEST RAJASTHAN,1947,1.5,82.3,0.8
233.5,0.1,57.5,0.9,15.4,21.4,111.3,6,36.8,186.7,6.7,0.8,7.6,0.3,1,1.2,2.4,11.9,WEST RAJASTHAN,1948,15.4,11.9,0.9
224.8,0.1,42.8,0.2,2.9,1.8,123.1,20.5,4.7,214.8,0,3.6,3.8,0,1,1.2,1.4,28.5,WEST RAJASTHAN,1949,2.9,28.4,0.2
278.3,0,64.8,0,0.3,1.4,131.5,6.6,1.7,273,1.7,1.9,3.6,0,1,0,0,70.1,WEST RAJASTHAN,1950,0.3,70.1,0
179.8,5.1,83.3,0,0,0.1,33.6,20.2,0.1,137.9,6.4,16.4,27.9,13.8,1,0.2,13.9,0.8,WEST RAJASTHAN,1951,0,0.8,-0.1
267.1,0.4,81.6,0.2,3.7,0,156.9,20.6,3.7,259.9,0.5,2,2.9,0.3,1,0.2,0.6,0.8,WEST RAJASTHAN,1952,3.7,0.8,0.1
304.4,0.8,180.5,0.3,0,5.9,70.9,15.7,5.9,290.7,0,6.5,7.3,0,1,0.1,0.5,23.6,WEST RAJASTHAN,1953,0,23.6,0.4
250.4,0,35.6,0,13.4,1.6,97,16.2,15,231.1,0.6,0.8,1.4,1,1,2,3,82.3,WEST RAJASTHAN,1954,13.4,82.3,0
391.3,0.9,230.6,0.3,2.1,2.4,7.7,22.6,4.6,352.5,3.3,8.7,12.9,0,1,21,21.3,91.7,WEST RAJASTHAN,1955,2.2,91.6,0.3
374.2,1,76.4,1.4,0.2,3.1,208,20.6,3.3,317.1,6.1,0.1,7.3,0,1,45.1,46.5,12.1,WEST RAJASTHAN,1956,0.2,12.1,1.4
267.1,0.2,104.7,1.5,0,19.7,78.3,28.9,19.7,217.2,5.1,15.3,20.5,5.9,1,2.3,9.6,5.4,WEST RAJASTHAN,1957,0,5.3,1.4
264.1,0.4,25,5.5,0,2.2,69.2,15.5,2.2,233.3,0.3,3.2,3.8,14.7,1,4.5,24.7,123.6,WEST RAJASTHAN,1958,0,123.6,5.5
335.3,5,77.3,0,2.8,0.7,119.2,15.1,3.5,306.1,0.8,8.7,14.5,5.1,1,6.1,11.2,94.6,WEST RAJASTHAN,1959,2.8,94.5,0
217.8,0.2,76.1,6.1,0,0.2,102.3,25.1,0.2,206.7,3,1.6,4.9,0,1,0,6.1,3.2,WEST RAJASTHAN,1960,0,3.2,6.1
400.3,5.6,66.5,1.8,12.5,5.2,72.2,102.8,17.7,365.5,0.2,6.5,12.2,1.1,1,2,4.9,123.9,WEST RAJASTHAN,1961,12.5,124,1.8
262.5,2.3,62.1,2.1,0.2,0.8,126.5,3.3,1,247,7.8,2.1,12.3,0.2,1,0,2.3,55,WEST RAJASTHAN,1962,0.2,55.1,2.1
174.5,1.5,96.4,0.3,0.6,0.1,23.3,6.3,0.7,153,5.7,3.3,10.5,5.1,1,4.9,10.3,27,WEST RAJASTHAN,1963,0.6,27,0.3
337.3,0.4,140.5,0.6,0.3,0.6,138.9,25.4,0.9,321.2,0.5,13.7,14.6,0,1,0.1,0.7,16.4,WEST RAJASTHAN,1964,0.3,16.4,0.6
215.3,2.7,52,0,1.3,3.6,128,6,4.9,193.9,3.2,7.1,13,0.1,1,3.4,3.5,7.8,WEST RAJASTHAN,1965,1.3,7.9,0
252.9,0.1,91.5,0,11.4,0.1,51.3,34.9,11.5,226,1.5,11.7,13.2,0.3,1,1.8,2.2,48.3,WEST RAJASTHAN,1966,11.4,48.3,0.1
340.3,2.1,96,21.7,0,0,63.1,25.2,0,248.5,59,2,63.2,3.7,1,3.3,28.7,64.2,WEST RAJASTHAN,1967,0,64.2,21.7
142.2,0,24.5,0,6.2,2.9,96.8,0.4,9.1,122.4,2.9,7,9.9,0,1,0.7,0.7,0.6,WEST RAJASTHAN,1968,6.2,0.7,0
119,1,43.5,0,1.2,1,48.8,3,2.2,110.8,1.1,2.7,4.8,0.1,1,1,1.1,15.5,WEST RAJASTHAN,1969,1.2,15.5,0
355.7,0.2,162.8,0,18.4,4.5,63,32.9,22.9,326.2,2.3,3.9,6.4,0,1,0.2,0.2,67.5,WEST RAJASTHAN,1970,18.4,67.5,0
251.5,1.1,46.4,0,0.4,3.4,83.7,69.9,3.8,220.4,0.2,23.9,25.1,0,1,2.2,2.2,20.5,WEST RAJASTHAN,1971,0.4,20.4,0
185.9,2.4,102.4,0.4,0.8,1.1,39.1,35,1.9,178.7,0,1.4,3.8,0.6,1,0.5,1.5,2.2,WEST RAJASTHAN,1972,0.8,2.2,0.4
454.8,0,311.3,1.8,0.4,0.6,64.8,15.8,0.9,440.8,0,10.9,10.9,0,1,0.4,2.2,48.8,WEST RAJASTHAN,1973,0.3,48.9,1.8
164.3,1,18.5,0.8,0,0,87.1,21.2,0,132.8,0,23,24,0,1,6.7,7.5,6,WEST RAJASTHAN,1974,0,6,0.8
553.8,0.1,145.6,0.5,0.3,1.1,184.6,56.8,1.3,522.2,0.8,2.7,3.6,0,1,26.2,26.7,135.2,WEST RAJASTHAN,1975,0.2,135.2,0.5
425.2,2,163.7,0,4.7,4.2,93.6,39.7,9,390.4,0.4,10.2,12.6,13.1,1,0.1,13.3,93.4,WEST RAJASTHAN,1976,4.8,93.4,0.1
389.4,4.9,51.1,0.4,0.6,8.1,146.4,91.4,8.7,362.6,0.1,11.7,16.7,0.7,1,0.2,1.4,73.6,WEST RAJASTHAN,1977,0.6,73.7,0.5
379.7,5.3,74.2,0.7,11.6,0.1,215.4,32.6,11.7,345.6,4.4,0,9.7,10.5,1,1.4,12.6,23.4,WEST RAJASTHAN,1978,11.6,23.4,0.7
308.2,0.7,71.9,1.7,25.5,2.9,118.6,19,28.4,226.1,1.7,31.6,34,7.5,1,10.6,19.7,16.7,WEST RAJASTHAN,1979,25.5,16.6,1.6
238.4,0.4,22.9,13.2,0.1,0.4,129.7,39.6,0.5,206.8,5.4,6.2,12.1,2,1,3.8,19,14.6,WEST RAJASTHAN,1980,0.1,14.6,13.2
248.5,0,40.5,1.8,2.6,5.3,108.9,15.3,7.9,187.3,7.3,9.2,16.6,34.8,1,0.2,36.8,22.6,WEST RAJASTHAN,1981,2.6,22.6,1.8
311.8,27.7,100.6,1.4,4,11.3,77,17.7,15.4,202.9,12.3,41.3,81.3,3.5,1,7.3,12.2,7.7,WEST RAJASTHAN,1982,4.1,7.6,1.4
469.3,36.1,111.4,0,0.8,2.8,183.8,33.4,3.6,380.1,2.1,37.3,75.5,0,1,10,10.1,51.6,WEST RAJASTHAN,1983,0.8,51.5,0.1
203.2,1.1,85.3,0,2.8,0.1,50.4,8.7,2.8,198.9,0.1,0,1.2,0.2,1,0.1,0.2,54.5,WEST RAJASTHAN,1984,2.7,54.5,-0.1
197.4,8.9,55.2,2.8,0,0.3,97.6,12.3,0.4,169.3,0.6,10.9,20.4,0.3,1,4.2,7.3,4.2,WEST RAJASTHAN,1985,0.1,4.2,2.8
204.2,0.3,44.9,0.1,10.4,0.5,95.1,20.5,10.9,164,2.4,26,28.7,0,1,0.5,0.6,3.5,WEST RAJASTHAN,1986,10.4,3.5,0.1
143,0.9,29.3,3.1,0.5,6.7,22.9,36.7,7.2,90.7,5.7,34.8,41.5,0,1,0.6,3.6,1.8,WEST RAJASTHAN,1987,0.5,1.8,3
280.4,3.2,73.1,0.1,0.5,0.8,112.6,32.1,1.3,264.7,6.9,0.6,10.6,0,1,3.7,3.8,46.8,WEST RAJASTHAN,1988,0.5,46.9,0.1
248.1,1,109.1,0.5,0,8.6,81,25.8,8.6,236.2,1.3,0.2,2.4,0.2,1,0.2,0.9,20.3,WEST RAJASTHAN,1989,0,20.3,0.5
445,1.4,169.2,0.8,25.2,0,164.4,19.6,25.2,396.1,0.2,17.7,19.2,1.1,1,2.5,4.4,42.9,WEST RAJASTHAN,1990,25.2,42.9,0.8
179,13.6,55.5,1.6,4,0.2,60.6,19.3,4.2,152.4,0,7,20.7,0.1,1,0.1,1.8,17.1,WEST RAJASTHAN,1991,4,17,1.6
425.8,0.7,117.2,0.1,7.4,9.6,126.2,8.1,17,394.9,1.3,5.5,7.5,0.9,1,5.4,6.4,143.4,WEST RAJASTHAN,1992,7.4,143.4,0.1
293.5,3,6.8,0,3.3,2.2,172.1,48.6,5.4,275.4,2,5.9,10.9,0.2,1,1.5,1.7,47.9,WEST RAJASTHAN,1993,3.2,47.9,0
415.5,9.9,100.6,0,0.3,10.7,188.5,31.9,11,391.4,0.4,2.7,13,0,1,0,0,70.4,WEST RAJASTHAN,1994,0.3,70.4,0
367.9,3,101.6,0,8,8.2,194.8,18.8,16.3,331.5,2.2,1.3,6.6,0,1,13.6,13.6,16.3,WEST RAJASTHAN,1995,8.1,16.3,0
307.9,2.3,64.2,0,3.2,2.2,47.6,143.2,5.4,271.9,2.5,22,26.8,0,1,3.7,3.8,16.9,WEST RAJASTHAN,1996,3.2,16.9,0.1
345.1,10.6,103.9,5.6,0.2,1.1,56.4,65.9,1.3,246.7,5.5,20.3,36.4,3.6,1,51.5,60.7,20.6,WEST RAJASTHAN,1997,0.2,20.5,5.6
279.6,5.6,32.5,0,8.7,0,55,51.1,8.7,201.6,4.5,0.9,11,0.1,1,58.2,58.3,63,WEST RAJASTHAN,1998,8.7,63,0
204.3,0,61.5,0,3.1,6.4,55.9,23.8,9.5,147.6,0.2,39.3,39.6,0,1,7.6,7.6,6.5,WEST RAJASTHAN,1999,3.1,6.4,0
235.3,3.1,39.6,0,0.5,0.5,171.6,8.2,1,225.1,0.3,4.3,7.7,0.5,1,1.1,1.5,5.7,WEST RAJASTHAN,2000,0.5,5.7,-0.1
285.3,9.5,68.7,0,1.1,0.5,122.9,48.6,1.5,243.1,0.1,23.8,33.4,0,1,7.3,7.3,2.8,WEST RAJASTHAN,2001,1,2.9,0
92.4,1.4,17.2,6,2.6,0.3,2.4,26.9,3,67.2,1,11.2,13.7,2.5,1,0.1,8.6,20.6,WEST RAJASTHAN,2002,2.7,20.7,6
368.1,0.4,93.6,0.1,21.2,2.5,188.4,45.2,23.7,341.1,0.8,1.8,3,0,1,0.2,0.3,13.9,WEST RAJASTHAN,2003,21.2,13.9,0.1
196.7,4.8,94.3,1.6,0,2.4,26.9,33.5,2.4,163.3,0,6,10.8,0,1,18.7,20.3,8.6,WEST RAJASTHAN,2004,0,8.6,1.6
260.8,6.3,24.3,0,14.2,1.4,86.1,29.2,15.6,215.4,8.7,14.5,29.6,0.1,1,0,0.1,75.8,WEST RAJASTHAN,2005,14.2,75.8,0
361.3,3.4,203.6,2.5,0,0,52.7,36.9,0,324.4,16.9,8.3,28.6,0.4,1,5.3,8.3,31.3,WEST RAJASTHAN,2006,0,31.2,2.6
310.8,2.3,69.4,0.9,34.9,0,90.5,41.2,35,246.7,22,3.8,28.1,0.1,1,0,1,45.6,WEST RAJASTHAN,2007,35,45.6,0.9
324.1,18.2,133.3,8.3,0.2,1.6,57.1,56.1,1.8,269.5,0.8,24.7,43.6,0.4,1,0.4,9.1,23,WEST RAJASTHAN,2008,0.2,23,8.3
160.4,1.6,27.1,0.1,2.8,2.9,79.1,26.1,5.7,139.8,5.3,7.6,14.5,0.1,1,0.3,0.5,7.5,WEST RAJASTHAN,2009,2.8,7.5,0.1
473.2,0.6,163.4,5.2,1.7,1.9,129.9,49.5,3.6,439.2,0.6,3,4.1,20.1,1,0.9,26.2,96.5,WEST RAJASTHAN,2010,1.7,96.4,5.2
418.7,1.5,166.8,0,11.8,0,88.5,24.4,11.8,396.1,1.5,7.8,10.7,0,1,0.1,0.1,116.3,WEST RAJASTHAN,2011,11.8,116.4,0
327.3,9.5,166.7,0.6,0,0.5,40.4,5.3,0.5,304.3,0,10.4,19.9,0,1,1.9,2.5,92,WEST RAJASTHAN,2012,0,91.9,0.6
389.4,3.1,138.2,0,21.8,8.6,104.5,37.6,30.4,339,4.2,1.7,8.9,1,1,10.1,11.1,58.7,WEST RAJASTHAN,2013,21.8,58.7,0
302.4,8.4,69.6,0,2.2,0.8,94.3,13.8,3,262.6,4.7,23,36,0.2,1,0.5,0.7,84.9,WEST RAJASTHAN,2014,2.2,84.9,0
458.4,25.2,60.5,0,0.9,1.4,234.6,53.2,2.3,384,30.3,15.5,71,0.1,1,1.1,1.2,35.7,WEST RAJASTHAN,2015,0.9,35.7,0
412.5,0.7,175.6,0.8,8.9,21.6,164.8,15,30.5,362.9,2.9,5,8.5,0,1,9.8,10.6,7.5,EAST RAJASTHAN,1901,8.9,7.5,0.8
578.3,1.8,116.7,2.8,0.7,4.1,247.6,34.6,4.8,544.5,0,9.9,11.7,0,1,14.4,17.2,145.6,EAST RAJASTHAN,1902,0.7,145.6,2.8
686.1,0.1,229.1,0,0.7,1.9,238.2,15.6,2.7,651.4,1.3,12.9,14.2,0,1,17.8,17.8,168.5,EAST RAJASTHAN,1903,0.8,168.5,0
694.5,0.2,223.5,14.7,5.5,4.3,289.7,49.9,9.8,613.3,21.7,27.5,49.4,5.8,1,1.5,22,50.2,EAST RAJASTHAN,1904,5.5,50.2,14.7
279.8,1.6,30.9,0.6,8.8,4.1,130.5,14.4,12.8,259.6,3.2,2,6.8,0,1,0,0.6,83.8,EAST RAJASTHAN,1905,8.7,83.8,0.6
647.4,0,95.5,3,23.1,0.2,262.5,61.9,23.4,611.3,6.2,1.6,7.8,0,1,1.9,4.9,191.4,EAST RAJASTHAN,1906,23.2,191.4,3
551.8,14.3,319.8,0,35.7,6.3,134.1,18.5,42,475.7,7,12.7,34,0,1,0,0,3.3,EAST RAJASTHAN,1907,35.7,3.3,0
870.2,0.4,349,0.1,0.8,13.9,395.2,42.6,14.7,845.6,1.6,6.2,8.3,1.4,1,0.2,1.7,58.7,EAST RAJASTHAN,1908,0.8,58.8,0.1
781.6,43.2,207.4,20.8,1.4,4.9,299.4,115.3,6.2,704.6,0,5.2,48.3,0,1,1.7,22.4,82.5,EAST RAJASTHAN,1909,1.3,82.5,20.7
685.3,1.9,250.2,0,1.1,7.9,114,124.6,9,622.9,0,1.2,3.2,2,1,48.2,50.2,134.2,EAST RAJASTHAN,1910,1.1,134.1,0
420.4,0.7,73.8,0.2,0.5,13.6,42.6,69.3,14.1,359.3,18.3,0.1,19.2,21.2,1,6.4,27.8,173.6,EAST RAJASTHAN,1911,0.5,173.6,0.2
655.4,2.7,237.6,1.8,5.2,9.7,304.7,30.8,14.9,621.6,1.7,5.5,10,5.1,1,2,9,48.5,EAST RAJASTHAN,1912,5.2,48.5,1.9
498.3,0.1,107,16.6,9.5,0,160.7,111.6,9.5,423.3,0.8,46,46.9,0.4,1,1.5,18.5,44,EAST RAJASTHAN,1913,9.5,44,16.6
676.6,2,125.6,0,0.9,0,325.3,88.3,0.9,647,0.9,5.8,8.7,8.6,1,11.3,20,107.8,EAST RAJASTHAN,1914,0.9,107.8,0.1
401.8,2.3,108.8,0.8,30.2,19,70,33.7,49.2,242,33.2,5,40.6,0,1,69.1,69.9,29.5,EAST RAJASTHAN,1915,30.2,29.5,0.8
845.3,0.3,435.8,0,3.2,0,159.4,87.6,3.2,805.1,0,10,10.3,1.9,1,24.7,26.6,122.3,EAST RAJASTHAN,1916,3.2,122.3,0
1350.4,11,383.5,0.3,8.8,3.6,265.4,149.2,12.4,1132,4.1,90.9,105.9,0,1,99.8,100.1,333.9,EAST RAJASTHAN,1917,8.8,333.9,0.3
273.6,0.7,163.3,0.1,0,4,49.6,28.3,4,260.2,2.4,2.6,5.6,3.5,1,0.1,3.7,19,EAST RAJASTHAN,1918,0,19,0.1
787,5.3,356.4,8.3,0,29.2,265,31.4,29.3,705.8,0.7,14.1,20.2,23.2,1,0.3,31.8,53,EAST RAJASTHAN,1919,0.1,53,8.3
596.7,0.5,78.3,0,3.7,8.6,295.4,150.5,12.3,535,2.8,45.8,49.2,0,1,0.1,0.1,10.8,EAST RAJASTHAN,1920,3.7,10.8,0
547.8,0.2,153.2,0.7,0,18.3,178.9,22.3,18.3,527.6,0,0,0.2,0,1,1,1.6,173.1,EAST RAJASTHAN,1921,0,173.2,0.6
669.9,0.3,144.3,12.1,0.4,6,242.2,83.9,6.3,639.7,0,9,9.4,1.6,1,0.8,14.5,169.3,EAST RAJASTHAN,1922,0.3,169.3,12.1
690.1,0.6,262.7,10.6,8.5,2,325.3,9.4,10.5,650.2,3.7,12.8,17.2,0.4,1,1.2,12.2,52.8,EAST RAJASTHAN,1923,8.5,52.8,10.6
924.4,0.1,262.8,25.4,5.8,13.6,271.8,33.4,19.5,830.2,0,5.2,5.3,3.7,1,40.4,69.4,262.2,EAST RAJASTHAN,1924,5.9,262.2,25.3
483.7,0.1,56.2,0,0,0.1,209.3,163.2,0.1,445.7,0,14.7,14.8,19.5,1,3.7,23.2,16.9,EAST RAJASTHAN,1925,0,17,0
832.4,2.5,342.6,0.2,1.1,6.1,216.1,13.9,7.3,774.9,28.7,18.6,49.8,0,1,0.2,0.4,202.3,EAST RAJASTHAN,1926,1.2,202.3,0.2
725.8,1.9,283.7,29.3,9.4,0,272.9,19,9.4,645.4,0.5,5.7,8,26,1,7.7,63,69.9,EAST RAJASTHAN,1927,9.4,69.8,29.3
608.3,0.1,187.1,6.4,16.4,2.9,236.7,23.4,19.3,485.2,0.6,2.2,2.9,10.4,1,84.2,100.9,37.9,EAST RAJASTHAN,1928,16.4,38,6.3
576,4,194,9.1,1.5,3.6,270.8,50.9,5.1,550.3,0,6.9,10.9,0,1,0.6,9.7,34.4,EAST RAJASTHAN,1929,1.5,34.6,9.1
661.3,0.4,158.7,0,1,16.7,296.9,72.7,17.7,568.8,0.2,22.2,22.8,0.1,1,51.9,52.1,40.4,EAST RAJASTHAN,1930,1,40.5,0.1
774.2,0.1,401.4,1.1,2.2,0.4,224.5,11.5,2.5,697.8,2.2,9.8,12.1,0.3,1,60.5,61.9,60.4,EAST RAJASTHAN,1931,2.1,60.4,1.1
543.8,5.4,187.1,0.6,0.6,0.3,219,21.7,0.9,516.7,14,3.9,23.3,0,1,2.3,2.8,88.9,EAST RAJASTHAN,1932,0.6,88.9,0.5
937.8,22.3,284.9,1.9,5.8,0.3,170.7,209.1,6.1,850.2,1.5,30.1,54,12.3,1,13.4,27.6,185.6,EAST RAJASTHAN,1933,5.8,185.5,1.9
808.9,0.3,420.4,8.7,0,4.5,136.1,118.3,4.5,779.8,13.3,0.2,13.8,2,1,0,10.7,105,EAST RAJASTHAN,1934,0,105,8.7
684.8,10.5,119.7,10.7,5.8,14.8,299.4,34.2,20.6,623.4,0.7,1.3,12.5,1.1,1,16.5,28.3,170.1,EAST RAJASTHAN,1935,5.8,170.1,10.7
542.1,0.3,140,3.1,4.9,1.7,115.5,133.6,6.5,496.2,13.8,3.8,17.9,18.4,1,0,21.5,107.1,EAST RAJASTHAN,1936,4.8,107.1,3.1
670.5,1,60.5,6.8,12.2,0,365.4,98.7,12.2,638.2,0.5,7.8,9.4,0.6,1,3.3,10.7,113.6,EAST RAJASTHAN,1937,12.2,113.6,6.8
503.1,0.1,117.5,0,0,6.2,213.5,140.3,6.2,482.3,0.1,5.5,5.7,0,1,9,9,10.9,EAST RAJASTHAN,1938,0,11,0
400.7,0,112.7,0,12.7,1.6,108.3,62,14.3,375.9,9.3,0.1,9.4,0,1,1.1,1.1,92.9,EAST RAJASTHAN,1939,12.7,92.9,0
652.8,2.1,290.7,0.4,16.9,26,189.5,61.3,42.9,575.1,15.9,5.7,23.6,8.3,1,2.5,11.2,33.7,EAST RAJASTHAN,1940,16.9,33.6,0.4
505.9,0,247.6,3.3,9,11.7,110.2,39.9,20.7,468.6,2,10.1,12.2,0,1,1.1,4.4,70.8,EAST RAJASTHAN,1941,9,70.9,3.3
939.3,2.1,320.8,1.1,9.9,15.9,399.5,61.3,25.8,902.3,0,8,10.2,0,1,0,1.1,120.7,EAST RAJASTHAN,1942,9.9,120.7,1.1
716.6,4.8,111.1,0.1,0.1,7.4,400.2,52.6,7.4,697.5,0,6.6,11.5,0,1,0.1,0.2,133.6,EAST RAJASTHAN,1943,0,133.6,0.1
906.9,7.9,411.9,1.5,6.9,20.1,309.9,75.5,27,829.1,24.4,1.7,34,0.9,1,14.5,16.9,31.7,EAST RAJASTHAN,1944,6.9,31.8,1.5
861.6,6.8,215.1,0,0,15.5,346,125.9,15.5,824.9,0.1,11.2,18,0,1,3.2,3.2,138,EAST RAJASTHAN,1945,0,137.9,0
887.7,1.4,429.8,23.5,10.3,0,184.3,124.6,10.3,823.2,0,7.8,9.3,12.7,1,8.7,44.9,84.5,EAST RAJASTHAN,1946,10.3,84.5,23.5
714.8,0.5,284.1,4.9,2.5,6.6,118.3,14.2,9.1,688.5,0.6,0.8,1.9,0.1,1,10.3,15.2,272,EAST RAJASTHAN,1947,2.5,271.9,4.8
663.6,0.3,243,0,11.9,39.2,221.2,29.7,51.1,588.9,1.9,0.9,3.1,8.3,1,12.2,20.6,94.9,EAST RAJASTHAN,1948,11.9,95,0.1
509.2,0.2,81,0,0.9,1.1,279.8,32.5,2,494.3,0.1,5.2,5.5,1.5,1,5.9,7.4,101,EAST RAJASTHAN,1949,0.9,101,0
740.1,0,174.7,0.7,0.2,0.9,318.8,13.3,1.1,728.4,3.4,6.4,9.9,0,1,0,0.7,221.5,EAST RAJASTHAN,1950,0.2,221.6,0.7
362.9,2.8,156.3,0,0,1.9,97.8,51.8,2,324.6,6.2,8,17,18.6,1,0.7,19.3,18.8,EAST RAJASTHAN,1951,0.1,18.7,0
712.7,2.1,224.1,3.9,3.3,0.7,360.4,109.2,4,701.2,0.9,0.3,3.4,0,1,0.2,4.2,7.5,EAST RAJASTHAN,1952,3.3,7.5,4
585.9,1.4,272.2,1,0,32.3,164.3,59.8,32.3,546.6,0,2.3,3.8,0,1,2.2,3.3,50.3,EAST RAJASTHAN,1953,0,50.3,1.1
665.9,0,77.6,0,19.6,3.9,253.4,42.5,23.5,613.5,4.8,0.1,4.9,0.4,1,23.6,24,240.1,EAST RAJASTHAN,1954,19.6,240,0
844.6,0,358.6,0.1,3.6,9.5,61.1,100.3,13.1,752.9,0.7,3.4,4.1,0,1,74.3,74.5,233,EAST RAJASTHAN,1955,3.6,232.9,0.2
928.8,0.2,215.4,5.3,0.6,6,440.6,35.1,6.5,742.6,9.8,1.7,11.7,0.8,1,161.9,168,51.5,EAST RAJASTHAN,1956,0.5,51.5,5.3
662.2,0.6,222.4,3.2,0.1,26.5,243.6,63.4,26.6,600.6,13.4,3.7,17.7,1.6,1,12.6,17.4,71.2,EAST RAJASTHAN,1957,0.1,71.2,3.2
742.7,0.5,153.9,1.1,0.7,3.9,288.8,46.2,4.6,713.7,0.8,1.4,2.7,6.1,1,14.5,21.7,224.8,EAST RAJASTHAN,1958,0.7,224.8,1.1
786.2,3.8,248.9,0.3,0.1,6,252.3,36.8,6.1,690.5,0.2,34.8,38.9,7.5,1,43,50.8,152.6,EAST RAJASTHAN,1959,0.1,152.5,0.3
591.6,1.2,332,1.5,0,1.8,152.1,63.1,1.8,567.3,7,5.3,13.5,0,1,7.4,8.9,20.2,EAST RAJASTHAN,1960,0,20.1,1.5
884.2,0.6,225.7,0.9,7,11.9,227.8,39.2,18.9,829.8,0,5,5.6,6,1,23,29.9,337.2,EAST RAJASTHAN,1961,7,337.1,0.9
604.1,2.1,176,7.8,1.5,1.1,262.4,5.1,2.6,583.4,3.6,2.9,8.6,1.7,1,0,9.5,139.9,EAST RAJASTHAN,1962,1.5,139.9,7.8
577.7,2.7,283.9,0.9,1.4,0.4,130.3,33.2,1.9,544.7,1,2,5.7,17.6,1,6.9,25.4,97.3,EAST RAJASTHAN,1963,1.5,97.3,0.9
646.3,0.1,289.6,1,0,0,211.1,42,0,614.5,0,30.6,30.7,0,1,0.1,1.2,71.7,EAST RAJASTHAN,1964,0,71.8,1.1
423.8,3.1,106.9,0,4.2,4.6,201.7,7,8.8,399,1.9,3.3,8.3,0,1,7.8,7.8,83.4,EAST RAJASTHAN,1965,4.2,83.4,0
473.4,0,156.2,0.2,2.6,0.1,141.7,74.8,2.8,454,0,12.7,12.8,3.1,1,0.6,3.9,81.3,EAST RAJASTHAN,1966,2.7,81.3,0.2
759.9,1.4,250.9,37.7,0,0,157.3,87.3,0,658.5,57.4,2.6,61.3,1.3,1,1.1,40.1,163.1,EAST RAJASTHAN,1967,0,163,37.7
519.6,0.1,181.3,0.2,1.5,8.6,296.2,5.2,10.1,493.4,6.6,4.2,11,0,1,4.9,5.1,10.7,EAST RAJASTHAN,1968,1.5,10.7,0.2
634.1,1.9,258.5,0,1.1,3.5,226.4,16.7,4.6,618.8,1.7,4.9,8.5,2.1,1,0.1,2.2,117.2,EAST RAJASTHAN,1969,1.1,117.2,0
718.4,0.1,318.9,0,25.3,6.7,146.3,91.7,32,674.2,1.7,5.8,7.6,0,1,4.6,4.6,117.3,EAST RAJASTHAN,1970,25.3,117.3,0
784.4,1.2,155,0,0.7,2.8,288.9,171.3,3.5,732.4,0.1,33,34.3,0.6,1,13.6,14.2,117.2,EAST RAJASTHAN,1971,0.7,117.2,0
454.3,1.1,259.9,0.1,4.4,0.4,86.7,72.4,4.8,440.9,0,0.8,2,3.3,1,3.3,6.6,21.9,EAST RAJASTHAN,1972,4.4,21.9,0
948.2,0.1,380.9,1.9,3.2,3.3,260.2,36.1,6.5,919.5,0.6,12.8,13.5,0,1,6.7,8.6,242.4,EAST RAJASTHAN,1973,3.2,242.3,1.9
611.8,0.2,165.4,3.2,0,0,297.8,30.6,0,512.9,0.4,18.1,18.7,0,1,77,80.2,19.2,EAST RAJASTHAN,1974,0,19.1,3.2
897.9,0.2,317.6,0,0.5,1.2,271,87.1,1.7,849.6,1.4,2.3,3.9,0.1,1,42.6,42.7,173.9,EAST RAJASTHAN,1975,0.5,173.9,0
815.3,1.4,318,0,6.4,8.7,201.2,90.8,15.1,736.1,0.1,12.2,13.7,50.2,1,0.2,50.4,126.2,EAST RAJASTHAN,1976,6.4,126.1,0
887.5,6.4,223.1,0.2,2.3,10.8,394.9,112.7,13.1,845.8,0.1,18.9,25.3,1.9,1,1.1,3.2,115.1,EAST RAJASTHAN,1977,2.3,115.1,0.2
727.1,2.5,249.5,5.6,10.3,0.3,302.9,83.4,10.5,691.7,4.1,0,6.6,8,1,4.7,18.3,55.9,EAST RAJASTHAN,1978,10.2,55.9,5.6
515.1,0.9,129.7,2.7,25.8,6.6,206.5,47.6,32.4,398.5,2.8,16.5,20.1,58.1,1,3.3,64.1,14.7,EAST RAJASTHAN,1979,25.8,14.7,2.7
547.5,0.1,150.5,16.3,0.5,0.7,203,141.2,1.2,522.7,3.6,1.7,5.4,0.8,1,1,18.1,28,EAST RAJASTHAN,1980,0.5,28,16.3
615.3,0.2,141.8,1.5,0.8,4.4,299.4,57.7,5.2,563.5,4.7,7.7,12.6,23.8,1,8.7,34,64.6,EAST RAJASTHAN,1981,0.8,64.6,1.5
660.2,16.6,294.3,4,4.4,16.7,178.1,28.6,21,520.4,7.1,32,55.8,48.4,1,10.7,63.1,19.4,EAST RAJASTHAN,1982,4.3,19.4,4
795.3,29.4,240,0.1,1.6,3.6,256.5,72.4,5.2,696.7,0.1,31.9,61.3,0,1,31.8,32,127.9,EAST RAJASTHAN,1983,1.6,127.8,0.2
563.3,0.3,272,0,0.3,1.2,147.9,32.5,1.5,561.1,0,0.3,0.5,0,1,0.1,0.1,108.8,EAST RAJASTHAN,1984,0.3,108.7,0
588.1,3.9,245,8.5,0.1,0.9,176.8,21,1,480.3,0.6,6,10.5,0.2,1,87.6,96.4,37.5,EAST RAJASTHAN,1985,0.1,37.5,8.6
590.1,0.6,146.6,0.1,21.3,3.7,312.6,54.3,25.1,532.2,1.1,24.4,26.1,0,1,6.6,6.7,18.7,EAST RAJASTHAN,1986,21.4,18.7,0.1
435.7,0.1,226.2,23.2,4.6,11.2,57.1,44.2,15.8,355.4,1.5,20.9,22.4,0,1,19,42.1,27.9,EAST RAJASTHAN,1987,4.6,27.9,23.1
640.1,4.3,204.3,0.7,1.4,1.9,229.8,96.4,3.3,612.8,6.4,2.2,12.9,0.1,1,10.3,11.1,82.3,EAST RAJASTHAN,1988,1.4,82.3,0.7
510.5,0.1,283.7,0.5,0.1,6.8,130.6,52.5,6.9,500,2.2,0.4,2.7,0.5,1,0,1,33.1,EAST RAJASTHAN,1989,0.1,33.2,0.5
780.1,0.7,253.3,0.8,27.5,0,229,75.4,27.5,720,1,18.9,20.6,5.1,1,6.1,11.9,162.3,EAST RAJASTHAN,1990,27.5,162.3,0.7
578.6,11,214.4,5.9,2.5,0.2,274.6,18.1,2.7,550.1,0.4,3,14.4,5.2,1,0.3,11.4,43.1,EAST RAJASTHAN,1991,2.5,43,5.9
723.6,0.5,260.2,0.7,2.3,7.1,244.9,18,9.4,649,2.9,10.4,13.8,8.5,1,42.2,51.4,125.8,EAST RAJASTHAN,1992,2.3,125.9,0.7
595.2,4,92.1,0.1,8.8,0.2,262.8,98.5,9,567.3,4,4.5,12.5,0.4,1,5.9,6.4,113.9,EAST RAJASTHAN,1993,8.8,113.9,0.1
839.2,7.1,259.8,0,0.9,23.3,319.3,116.6,24.1,802.5,0.5,4.5,12.1,0.4,1,0,0.4,106.8,EAST RAJASTHAN,1994,0.8,106.8,0
754.3,0.7,310.8,5.3,2.9,29.8,275.4,22.6,32.7,701.3,7,0.8,8.5,0,1,6.5,11.8,92.4,EAST RAJASTHAN,1995,2.9,92.5,5.3
715.7,3,256,0,5.2,3.8,202.6,118.2,9,680.2,1.4,8.5,12.9,0.3,1,13.2,13.5,103.4,EAST RAJASTHAN,1996,5.2,103.4,0
573.9,10.2,196.6,18.5,0.2,0.8,143.2,52.1,1,470.6,1.7,14.2,26.1,11.8,1,45.8,76.1,78.7,EAST RAJASTHAN,1997,0.2,78.7,18.5
475.8,3.4,118.1,0,1.8,0,145.9,46.4,1.8,425.2,3.7,2.2,9.3,2.7,1,36.7,39.5,114.8,EAST RAJASTHAN,1998,1.8,114.8,0.1
408.4,0.1,70.9,0.1,4.9,1.6,190.5,53.4,6.5,379.9,0.1,6.3,6.4,0,1,15.5,15.6,65.1,EAST RAJASTHAN,1999,4.9,65.1,0.1
440,2.3,95.5,0.1,0.6,0.3,270.6,20.2,0.8,415,0.4,21,23.7,0,1,0.4,0.5,28.7,EAST RAJASTHAN,2000,0.5,28.7,0.1
551.2,6.4,126.4,5.8,0.1,0.9,271.4,100.2,1,505.7,0.3,22.9,29.5,0,1,9.2,15,7.7,EAST RAJASTHAN,2001,0.1,7.7,5.8
285.3,1.2,130.6,4.5,11,1.6,13.5,71.4,12.6,256.8,0.1,8.6,9.8,0.8,1,0.8,6,41.2,EAST RAJASTHAN,2002,11,41.3,4.4
626.6,0.2,178.5,2.3,21.4,4.1,245.8,76.6,25.4,594.4,0.5,3.5,4.2,0,1,0.1,2.5,93.6,EAST RAJASTHAN,2003,21.3,93.5,2.4
606.2,2.2,380.9,0.1,0,2.5,105.8,52.8,2.5,564.2,0,9.3,11.5,0.4,1,27.5,28,24.7,EAST RAJASTHAN,2004,0,24.7,0.1
567.9,6.2,80,0,3.6,0.4,239,55.6,4.1,547.1,5.7,4.8,16.7,0,1,0,0,172.5,EAST RAJASTHAN,2005,3.7,172.5,0
748.4,0.4,341.5,0.5,0,0,215.9,73.8,0,720,11.9,13.1,25.4,0.1,1,2.4,3,88.9,EAST RAJASTHAN,2006,0,88.8,0.5
575.7,1.5,167.9,0.5,16.8,0.7,223,63,17.5,540.1,10.6,5.5,17.6,0,1,0,0.5,86.1,EAST RAJASTHAN,2007,16.8,86.2,0.5
644.6,9,167.9,0.1,0,0.1,166.1,160.6,0.1,607.3,0.5,22.1,31.6,2.4,1,3,5.5,112.7,EAST RAJASTHAN,2008,0,112.7,0.1
414.1,0.2,113.3,0.5,0.2,0.5,189.1,38.9,0.7,386.7,2.4,5.7,8.4,7,1,10.9,18.4,45.5,EAST RAJASTHAN,2009,0.2,45.4,0.5
689.4,0.4,275.9,5,2.4,1.9,196.2,27.3,4.3,628.3,0.5,0.7,1.6,49.5,1,0.8,55.2,128.9,EAST RAJASTHAN,2010,2.4,128.9,4.9
802.1,0.5,284.1,0,11.2,0,193.6,140.9,11.2,784.9,0.2,5.1,5.9,0,1,0,0,166.4,EAST RAJASTHAN,2011,11.2,166.3,0
693.6,3.6,365,0.1,0,1.9,170.5,11.2,1.9,678,0,9.5,13.1,0,1,0.5,0.6,131.3,EAST RAJASTHAN,2012,0,131.3,0.1
836.1,3.2,278.5,0.3,21.7,1.4,319,90.6,23.1,776.1,0.4,1,4.6,1.3,1,30.6,32.2,88,EAST RAJASTHAN,2013,21.7,88,0.3
683.3,7.3,261,1.1,10,28.4,197.1,23.5,38.4,618.4,6.4,8.4,22.1,0,1,3.2,4.4,136.9,EAST RAJASTHAN,2014,10,136.8,1.2
650.7,15.9,142.8,0.8,0.1,12.1,297.6,96.4,12.1,557,55.9,3.5,75.3,0.5,1,5,6.3,20.1,EAST RAJASTHAN,2015,0,20.2,0.8
718.2,2.8,349.9,2.4,5.8,25.8,228.9,41.2,31.6,667.9,5.8,2.1,10.7,0,1,5.6,7.9,47.9,WEST MADHYA PRADESH,1901,5.8,47.9,2.3
911.7,2,179.4,14.2,8.4,22.1,401.9,35.9,30.5,811.2,0,5.9,8,10,1,37.9,62,194.1,WEST MADHYA PRADESH,1902,8.4,194,14.1
949.6,0,261.1,0,0,5.3,304.9,50.6,5.3,866.8,0,22.3,22.3,0,1,55.1,55.1,250.2,WEST MADHYA PRADESH,1903,0,250.2,0
774.4,0,218.6,9.6,15.5,3.2,273,96.6,18.7,714.1,14.8,12,26.9,1.8,1,3.3,14.7,125.9,WEST MADHYA PRADESH,1904,15.5,125.9,9.6
696.5,0.8,137.6,0,4.4,3.5,326.3,36.1,7.9,683.5,1.1,3,4.9,0,1,0.3,0.3,183.5,WEST MADHYA PRADESH,1905,4.4,183.5,0
1010.2,0,198.6,0.9,11,0,344.5,180,11,989.3,6.8,0.5,7.3,0.2,1,1.5,2.6,266.2,WEST MADHYA PRADESH,1906,11,266.2,0.9
650.4,12.3,328.5,0,25.1,5.2,202.2,48.7,30.3,596.6,0.6,2.8,15.7,7.8,1,0,7.8,17.3,WEST MADHYA PRADESH,1907,25.1,17.2,0
832.6,1.5,281.9,1.8,0.6,12.1,368.8,104.5,12.7,803.6,10.1,1.9,13.6,0.4,1,0.5,2.7,48.5,WEST MADHYA PRADESH,1908,0.6,48.4,1.8
830.2,24.8,257.9,27.9,2.1,3.5,246.2,150,5.6,760.8,0.4,9.8,35,0,1,0.9,28.8,106.8,WEST MADHYA PRADESH,1909,2.1,106.7,27.9
959.5,0.3,273.9,0,0,1.5,183.5,171,1.5,872.6,0.3,0.7,1.3,33.8,1,50.3,84.1,244.1,WEST MADHYA PRADESH,1910,0,244.2,0
676.5,0,154.2,0,0.5,16.2,111.1,112.2,16.7,599.9,3.5,0.8,4.3,43.7,1,11.8,55.6,222.3,WEST MADHYA PRADESH,1911,0.5,222.4,0.1
807.3,0.4,264.4,1.9,8.4,2.1,322.3,48,10.5,729.6,0.1,2.2,2.7,60.6,1,2,64.5,94.8,WEST MADHYA PRADESH,1912,8.4,94.9,1.9
790.5,0,220.4,13.4,7.6,0,290,168.7,7.6,737.7,3,28.2,31.2,0.3,1,0.4,14.1,58.5,WEST MADHYA PRADESH,1913,7.6,58.6,13.4
836.3,4.1,155.2,1.7,2.6,0,352.6,127.7,2.6,790.2,7.4,13.4,24.9,10.7,1,6.3,18.7,154.7,WEST MADHYA PRADESH,1914,2.6,154.7,1.7
772.7,5.4,215.2,4.6,24.5,9.5,179,124.2,34,608.5,34.3,6.6,46.3,3.8,1,75.5,83.9,90.1,WEST MADHYA PRADESH,1915,24.5,90.1,4.6
1219.2,0.2,474.4,0,8.6,0,242.5,220,8.6,1090.4,0,17.7,17.9,25.5,1,76.8,102.3,153.4,WEST MADHYA PRADESH,1916,8.6,153.5,0
1309.3,1.9,338,0.1,23.1,8.3,316.6,184.3,31.4,1114.3,4.5,62.7,69.1,0,1,94.4,94.5,275.4,WEST MADHYA PRADESH,1917,23.1,275.4,0.1
509.4,0.1,202.9,2.5,1.5,0.3,124.2,100.5,1.8,478.1,2,10.2,12.2,14.2,1,0.5,17.2,50.6,WEST MADHYA PRADESH,1918,1.5,50.5,2.5
1232.8,4.2,545.1,1.8,1.7,43.8,330.2,163.9,45.5,1109.1,0.4,10.9,15.5,22,1,39,62.7,69.9,WEST MADHYA PRADESH,1919,1.7,69.9,1.7
714.8,0.2,146.4,0,1,54.1,303.3,120.1,55.1,634,2.1,23.4,25.7,0,1,0,0,64.2,WEST MADHYA PRADESH,1920,1,64.2,0
808.7,0,215.3,0,0.3,28.6,187.3,136.8,29,778.3,0,0,0,0,1,1.3,1.3,238.9,WEST MADHYA PRADESH,1921,0.4,238.9,0
918.2,0,147.7,8.5,3.5,31.5,311.7,130.7,35,833.5,0,6.7,6.8,32.7,1,1.7,42.9,243.4,WEST MADHYA PRADESH,1922,3.5,243.4,8.5
1071,2.6,296.2,7.6,2.7,0.9,561.6,12.1,3.7,1043.4,8.4,3.5,14.4,1.2,1,0.7,9.5,173.6,WEST MADHYA PRADESH,1923,2.8,173.5,7.6
1031.3,0.6,335.6,19.5,3.4,11.9,346.5,34.3,15.4,924.9,0.5,2,3.2,0.2,1,68.2,87.9,208.4,WEST MADHYA PRADESH,1924,3.5,208.5,19.5
693.5,0,146.6,1.6,0,0,260.1,165.7,0,610.2,0,34.9,34.9,45.5,1,1.2,48.3,37.8,WEST MADHYA PRADESH,1925,0,37.8,1.6
913.8,2.5,429,1.5,0.8,16,268.3,21.9,16.8,862.8,8.8,8.5,19.8,0.2,1,12.8,14.5,143.5,WEST MADHYA PRADESH,1926,0.8,143.6,1.5
872.9,0.5,217.7,20.2,1.7,0,334.2,78.3,1.7,704.4,6.5,1.6,8.6,101.2,1,36.8,158.2,74.1,WEST MADHYA PRADESH,1927,1.7,74.2,20.2
895.6,0,217.6,51.9,31.9,0.4,395,75.6,32.3,737.7,2.8,2.5,5.3,1.6,1,66.9,120.3,49.5,WEST MADHYA PRADESH,1928,31.9,49.5,51.8
728.7,4.8,215.5,5.5,8.8,6.3,288,108.5,15.1,700.8,0.1,0.7,5.6,0,1,1.6,7.1,88.8,WEST MADHYA PRADESH,1929,8.8,88.8,5.5
888.2,2.2,183.5,0.3,0.3,3,392.8,96.4,3.3,839.8,0,5.1,7.3,0.6,1,36.9,37.8,167.1,WEST MADHYA PRADESH,1930,0.3,167.1,0.3
1131.6,0.1,424.1,3.7,1.4,2.2,281.6,48.2,3.5,979.9,0.4,1.5,2,10.4,1,132.1,146.2,226,WEST MADHYA PRADESH,1931,1.3,226,3.7
988.3,2.6,128.3,0,2.9,0,467,57,2.9,942.1,12.7,1.8,17.1,1.4,1,24.8,26.2,289.8,WEST MADHYA PRADESH,1932,2.9,289.8,0
1211.6,11.7,351.8,8.5,5,0.2,276.9,196.5,5.2,1113.3,2.1,36.7,50.5,11.4,1,22.7,42.7,288.1,WEST MADHYA PRADESH,1933,5,288.1,8.6
1164.9,0.8,415.7,4.8,0,7,237.6,124.7,7,1118.5,6,0.1,6.9,24.8,1,2.9,32.6,340.5,WEST MADHYA PRADESH,1934,0,340.5,4.9
871.1,7.8,157.5,9.5,2.9,5.3,361.2,94.3,8.2,826.6,0,0.7,8.4,0.6,1,17.8,27.9,213.6,WEST MADHYA PRADESH,1935,2.9,213.6,9.5
901.2,2.5,211.6,1.6,6,2.6,152.8,192.2,8.7,755,17.5,11.2,31.2,104.1,1,0.6,106.3,198.4,WEST MADHYA PRADESH,1936,6.1,198.4,1.6
1053.4,8.1,163.9,6.2,12.1,1,442,177.6,13.1,985.4,6.1,3.6,17.8,1,1,30,37.2,201.9,WEST MADHYA PRADESH,1937,12.1,201.9,6.2
1001.2,0.8,206.1,0,0,8.7,345.5,306.3,8.7,896.5,1.5,24.5,26.8,0,1,69,69.1,38.6,WEST MADHYA PRADESH,1938,0,38.6,0.1
802.5,0.2,312.4,0.6,0.9,6.2,284.8,64.1,7.1,780.8,8.2,0.3,8.8,1.4,1,3.9,5.8,119.6,WEST MADHYA PRADESH,1939,0.9,119.5,0.5
1064.7,1.8,347.7,3.8,4.5,10.4,393.9,157.6,14.9,963.1,6.1,10.8,18.7,23.6,1,40.8,68.1,63.9,WEST MADHYA PRADESH,1940,4.5,63.9,3.7
739.4,0.7,349.8,0,19.9,19.2,195.6,52.7,39.1,691.1,5.5,2.1,8.3,0,1,0.9,0.9,93,WEST MADHYA PRADESH,1941,19.9,93,0
1201.7,1.5,286,11.5,28.3,28.2,558,122.7,56.5,1130.1,0.7,1.2,3.5,0,1,0.1,11.6,163.5,WEST MADHYA PRADESH,1942,28.3,163.4,11.5
962.9,3.5,179.1,0,0,25.1,359.8,122.3,25.1,848.4,0,25.2,28.7,0.1,1,60.5,60.6,187.2,WEST MADHYA PRADESH,1943,0,187.2,0
1347.7,2.6,519.5,2.6,14.8,15.8,500.6,87.9,30.7,1226.8,34.1,0.8,37.5,1.1,1,49.2,52.8,118.7,WEST MADHYA PRADESH,1944,14.9,118.8,2.5
1047.4,3.6,235.9,0,0,22.2,377.4,190.3,22.2,1014.7,0,3.2,6.9,0,1,3.6,3.6,211.1,WEST MADHYA PRADESH,1945,0,211.1,0
1250.7,3,387.5,23.6,10.9,0,341.4,256.8,10.9,1086.1,0.1,3.2,6.3,117.9,1,5.9,147.5,100.4,WEST MADHYA PRADESH,1946,10.9,100.4,23.7
1064.7,3.8,350.5,16.7,3.9,18.3,319.5,48.1,22.3,1000.2,2.3,1.9,7.9,3.5,1,14,34.2,282.2,WEST MADHYA PRADESH,1947,4,282.1,16.7
1247.6,0.9,369.7,0.2,6.7,36.6,382.5,145,43.3,1122.9,0.7,0.7,2.3,61.1,1,17.8,79.1,225.8,WEST MADHYA PRADESH,1948,6.7,225.7,0.2
966.2,0.3,137.2,0,3.4,0,326.9,90.3,3.4,889.1,0.4,19.7,20.4,2.4,1,50.8,53.2,334.7,WEST MADHYA PRADESH,1949,3.4,334.7,0
904.5,0.3,182.6,16.9,2,2.4,411.3,34.8,4.4,859.2,15,5.8,21.2,0,1,2.9,19.8,230.4,WEST MADHYA PRADESH,1950,2,230.5,16.9
649.7,0.5,205.5,0,0.4,5.3,231.7,88,5.7,610.7,6,3.5,10,4.4,1,18.9,23.2,85.5,WEST MADHYA PRADESH,1951,0.4,85.5,-0.1
829.1,1.7,239.4,7.6,8.9,0.7,367.7,163.6,9.5,806.4,1.7,0.8,4.2,0,1,1.4,9,35.8,WEST MADHYA PRADESH,1952,8.8,35.7,7.6
793.7,2,304.2,0.1,0,19.1,273,72.6,19.1,756.9,0,1.1,3.1,0,1,14.5,14.6,107.1,WEST MADHYA PRADESH,1953,0,107.1,0.1
1100.7,0.1,183.2,0,11.9,12.3,318.7,70.6,24.2,1052.6,5.4,1,6.6,0.3,1,16.9,17.3,480.1,WEST MADHYA PRADESH,1954,11.9,480.1,0.1
1149.2,1.5,441.1,0,2.2,26.8,97.7,188.8,29,977.1,0.6,1.5,3.6,0,1,139.5,139.5,249.5,WEST MADHYA PRADESH,1955,2.2,249.5,0
1065.8,0.4,235.5,5.7,0.8,10.9,411.4,112.1,11.7,886.8,3.5,49.1,53,12.8,1,95.8,114.3,127.8,WEST MADHYA PRADESH,1956,0.8,127.8,5.7
832.9,5.6,339.9,1.6,0.1,12.5,223.2,89.3,12.6,765,30.4,4,40,1.2,1,12.5,15.2,112.7,WEST MADHYA PRADESH,1957,0.1,112.6,1.5
1099.7,3.2,284,0.7,1.3,3.2,383.6,82.5,4.5,1021.2,1.4,0.9,5.6,10.1,1,57.7,68.5,271.1,WEST MADHYA PRADESH,1958,1.3,271.1,0.7
1181.4,4,325.8,0,0.1,23,395.5,78.9,23.1,1054.5,0.2,22,26.1,7,1,70.7,77.8,254.3,WEST MADHYA PRADESH,1959,0.1,254.3,0.1
882.3,1.4,392.9,1.5,0,25.2,203.2,132.5,25.2,782.1,12.4,6.6,20.3,0,1,53.2,54.6,53.6,WEST MADHYA PRADESH,1960,0,53.5,1.4
1433.7,0.7,318.8,1.3,1.8,22,311.3,74,23.9,1263.5,0.5,6.9,8.2,8.3,1,128.5,138.2,559.4,WEST MADHYA PRADESH,1961,1.9,559.4,1.4
905.9,8.4,207,20.3,4.9,6.7,308.7,16.4,11.6,845.5,7.8,4.1,20.3,8.2,1,0.1,28.6,313.3,WEST MADHYA PRADESH,1962,4.9,313.4,20.3
905.4,3,363.1,2.2,5.5,6.1,235.2,71,11.6,824.8,2.5,3.9,9.4,30.6,1,26.8,59.5,155.4,WEST MADHYA PRADESH,1963,5.5,155.5,2.1
880.1,0,312.2,1.2,0,0,278.8,111.7,0.1,866,2.2,7.7,10,0,1,2.8,4.1,163.3,WEST MADHYA PRADESH,1964,0.1,163.3,1.3
594.7,2,142.5,9.6,0.7,4.8,270.8,31.1,5.5,568.5,1.6,0.6,4.2,1,1,5.9,16.5,124,WEST MADHYA PRADESH,1965,0.7,124.1,9.6
680,0.1,200.6,4.1,0.9,4,267.7,69.2,4.9,641.5,2.2,2.8,5.1,23.8,1,0.6,28.5,104,WEST MADHYA PRADESH,1966,0.9,104,4.1
945.6,2.5,253.8,82.5,0,0,223.5,125.9,0,825.4,31.9,0.9,35.3,0.1,1,2.3,84.9,222.2,WEST MADHYA PRADESH,1967,0,222.2,82.5
861.2,1.2,291.9,0.4,2,9.2,404.1,34.4,11.2,824.4,9.7,0.2,11.1,0,1,14.1,14.5,94.1,WEST MADHYA PRADESH,1968,2,94,0.4
1117,0.2,395.9,0.3,0.3,5.7,393.4,47.9,6.1,1063.7,0,0.8,1.1,45.8,1,0,46.1,226.5,WEST MADHYA PRADESH,1969,0.4,226.5,0.3
1113.2,0.5,346.6,0,12.1,19.9,186.5,254.4,32,1053.4,8.3,12.2,21,0,1,6.8,6.8,265.8,WEST MADHYA PRADESH,1970,12.1,265.9,0
1135.7,2.8,220.3,0,2,5.4,446.9,183.9,7.3,1060.8,1.2,17.7,21.8,0.2,1,45.6,45.8,209.6,WEST MADHYA PRADESH,1971,1.9,209.7,0
770.3,0.1,421.3,1.1,3.7,0.1,161.5,92,3.8,749.3,0.1,1.9,2.1,10.1,1,3.9,15.1,74.4,WEST MADHYA PRADESH,1972,3.7,74.5,1.1
1406.9,0.3,478.8,9.8,5.2,0.1,553.1,74,5.3,1362.5,0,2.6,2.9,0.2,1,26.2,36.2,256.6,WEST MADHYA PRADESH,1973,5.2,256.6,9.8
876.6,0.7,372.9,1.9,0.6,0.2,289.5,40.8,0.8,768.5,0.3,14.6,15.7,0.8,1,89,91.6,65.3,WEST MADHYA PRADESH,1974,0.6,65.3,1.8
1064.6,0.2,357.7,0.3,3.4,1.2,265.4,136.2,4.6,1004.6,0.6,3.4,4.2,0,1,51,51.2,245.3,WEST MADHYA PRADESH,1975,3.4,245.3,0.2
1027.7,3.8,350.5,2,0.7,7.3,261.3,158.9,8,954,3.4,8.4,15.6,46.8,1,1.2,50.1,183.3,WEST MADHYA PRADESH,1976,0.7,183.3,2.1
1002.7,3,316.1,1.6,5.3,2.5,265.3,157.3,7.8,927.4,4.9,10.3,18.2,35.2,1,12.5,49.4,188.8,WEST MADHYA PRADESH,1977,5.3,188.7,1.7
1003.3,4,409.3,17.5,15.7,3.5,318.7,138,19.3,927.8,5.5,0,9.5,21.9,1,7.3,46.8,61.8,WEST MADHYA PRADESH,1978,15.8,61.8,17.6
781.9,0.2,260,2.8,35.2,21.3,195.7,110.1,56.5,600.7,8.5,9.3,18.1,97.7,1,6.1,106.6,34.9,WEST MADHYA PRADESH,1979,35.2,34.9,2.8
873.9,0.2,345.7,28.9,0.7,0.4,186.8,254.4,1.1,837.2,0.5,0.9,1.6,1.8,1,3.4,34,50.3,WEST MADHYA PRADESH,1980,0.7,50.3,28.8
890.2,0.1,297.2,18.4,0.4,4.3,268.7,118.1,4.7,806.3,10.1,10.7,20.9,19.1,1,20.6,58.2,122.5,WEST MADHYA PRADESH,1981,0.4,122.3,18.5
934.1,2.7,386.7,2.4,4.7,44.8,247.2,61.5,49.6,784.7,3.2,8.3,14.1,60,1,23.3,85.6,89.3,WEST MADHYA PRADESH,1982,4.8,89.3,2.3
1071.9,13.7,364.4,1.1,0.6,4.8,238.2,88.3,5.4,982.5,0.1,13.9,27.7,0,1,55.2,56.3,291.5,WEST MADHYA PRADESH,1983,0.6,291.6,1.1
859.5,0.1,536,0.5,6.1,15.2,165.3,63.5,21.3,825.2,0,0,0.1,0,1,12.5,13,60.3,WEST MADHYA PRADESH,1984,6.1,60.4,0.5
874.7,4.5,294.4,0,0,2.1,211.7,55.4,2.1,705.9,0.2,4.2,8.9,0,1,157.8,157.8,144.4,WEST MADHYA PRADESH,1985,0,144.4,0
937.1,0.2,237.5,1.2,40.5,9.5,470.6,129.8,50,871.3,2.5,5.3,8,0.1,1,6.5,7.8,33.4,WEST MADHYA PRADESH,1986,40.5,33.4,1.2
783.9,0,362.7,15.3,13.2,25.7,144.2,74.3,38.9,658.9,0.6,7.1,7.7,8.1,1,55.1,78.5,77.7,WEST MADHYA PRADESH,1987,13.2,77.7,15.3
951.2,5.1,278.9,0.1,0.6,3.5,313.6,136,4.1,875,2.2,4.7,12,0.4,1,59.5,60.1,146.5,WEST MADHYA PRADESH,1988,0.6,146.5,0.2
758.5,0.2,369.5,4.8,0.2,2.3,150.5,129.8,2.5,738.1,9.4,2.9,12.5,0,1,0.6,5.4,88.2,WEST MADHYA PRADESH,1989,0.2,88.3,4.8
1144,1,384.2,7.6,9.3,0.7,265,161.2,10,1068.7,1.3,29.4,31.8,2.8,1,23.2,33.6,258.3,WEST MADHYA PRADESH,1990,9.3,258.3,7.6
745.5,3.3,262.2,3.6,3.6,0.1,344.7,96.4,3.7,728.5,1.3,1.3,5.9,3.8,1,0,7.4,25.1,WEST MADHYA PRADESH,1991,3.6,25.2,3.6
754.2,0.1,314.4,0,0.2,0.1,211.8,51,0.2,683.1,0.1,5.8,6,2.2,1,62.7,64.9,105.9,WEST MADHYA PRADESH,1992,0.1,105.9,0
1031.9,0.6,236.9,4.1,5,0,337.7,113.5,5,988.7,7.2,2.9,10.7,1.3,1,22.1,27.5,300.5,WEST MADHYA PRADESH,1993,5,300.6,4.1
1179.5,5.5,385.8,0,5.4,14.7,352.9,221.1,20.1,1147,0.2,1.3,6.9,2.9,1,2.6,5.5,187.2,WEST MADHYA PRADESH,1994,5.4,187.2,0
864.7,1.4,252.1,8.1,0.8,14.7,320.2,67.2,15.5,803.1,15.6,1.3,18.3,0,1,19.6,27.7,163.6,WEST MADHYA PRADESH,1995,0.8,163.6,8.1
1085.4,0.4,366.3,0,4.7,10.3,438.5,48.6,15,1008,2.2,1.4,4,1.1,1,57.3,58.4,154.7,WEST MADHYA PRADESH,1996,4.7,154.6,0
1058.3,4,334.8,93.9,0,3,345.9,89.7,3,867.6,0.7,1.7,6.4,51.4,1,36.1,181.4,97.2,WEST MADHYA PRADESH,1997,0,97.2,93.9
926.9,1.9,208.4,0,0.6,2.5,279,92.9,3.1,867,8.9,0.6,11.3,6.4,1,39.1,45.5,286.6,WEST MADHYA PRADESH,1998,0.6,286.7,0
1052.7,0,188,0,31,0.9,284,127,32,929.8,0,4.5,4.5,0.3,1,86.2,86.5,330.8,WEST MADHYA PRADESH,1999,31.1,330.8,0
,0.1,136.2,0.2,,0.1,320.5,93.4,,581.7,0.1,30.1,30.3,0,1,1.2,1.4,31.6,WEST MADHYA PRADESH,2000,-0.1,31.6,0.2
787,6,198.9,0,0,2.1,269.2,203.6,2.2,699.1,1.1,16.4,23.5,0,1,62.2,62.2,27.5,WEST MADHYA PRADESH,2001,0.1,27.4,0
684.1,1.7,317.7,0.8,19.7,0.4,46.9,138.9,20.1,644.4,1.5,3.9,7.1,5.9,1,5.9,12.6,141,WEST MADHYA PRADESH,2002,19.7,140.9,0.8
946.4,1,228,2.5,21.1,1.1,307.5,128.7,22.2,919.2,0.1,0.3,1.4,0.2,1,0.9,3.6,254.9,WEST MADHYA PRADESH,2003,21.1,255,2.5
848.1,0.4,421.9,0.8,0,16.8,218,83.7,16.8,779.2,0,4.8,5.3,2.2,1,43.7,46.7,55.7,WEST MADHYA PRADESH,2004,0,55.6,0.8
752.2,6.1,130.5,1.4,3.1,13.7,345.7,81.2,16.8,712.4,12.3,1.9,20.3,0,1,1.3,2.7,155.1,WEST MADHYA PRADESH,2005,3.1,155,1.4
1169.2,3.3,501.9,3,0,0,299,74.5,0,1073.5,44.3,22.8,70.4,8.6,1,13.7,25.2,198.1,WEST MADHYA PRADESH,2006,0,198.1,2.9
806.5,0.6,220.6,0.6,11.5,1.7,305.6,99.9,13.3,764.3,2.6,14.6,17.8,10.5,1,0,11.1,138.3,WEST MADHYA PRADESH,2007,11.6,138.2,0.6
791.1,2.5,205.8,0,0,0.4,221.8,194.2,0.4,761.5,2.5,3.8,8.8,7.5,1,12.9,20.5,139.7,WEST MADHYA PRADESH,2008,0,139.7,0.1
877,1.3,172.7,19.1,0,5.5,320.3,56.8,5.5,689.4,0.1,6.5,7.9,65.1,1,89.9,174.1,139.6,WEST MADHYA PRADESH,2009,0,139.6,19.1
776.3,0.1,291.5,0.8,5.4,2.2,258.5,62.2,7.6,748.3,0.8,0.4,1.4,4.6,1,13.6,19,136.1,WEST MADHYA PRADESH,2010,5.4,136.1,0.8
1063.9,1.8,343.3,0,1.7,0,306.7,241.5,1.7,1056.5,0.1,3.6,5.5,0,1,0.2,0.2,165,WEST MADHYA PRADESH,2011,1.7,165,0
1035.2,0.9,341.2,0,0,6.2,439.2,48.2,6.2,1023,0,3.1,4,0,1,2.1,2.1,194.3,WEST MADHYA PRADESH,2012,0,194.4,0
1396.3,2.8,432.6,2.4,31.1,1.7,485.1,263.7,32.8,1280.4,8.5,0.4,11.7,0.3,1,68.7,71.4,98.9,WEST MADHYA PRADESH,2013,31.1,99,2.4
864.9,1.4,211,15.8,34.4,25.6,337.4,30.6,60,771.6,4.6,1.4,7.5,3,1,7,25.8,192.6,WEST MADHYA PRADESH,2014,34.4,192.6,15.8
1042.3,13.3,276.6,1,6.4,40.2,428.2,154.1,46.6,914.5,53.5,2,68.9,0.3,1,11,12.4,55.6,WEST MADHYA PRADESH,2015,6.4,55.6,1.1
1332.7,10.7,589.2,0,38.1,48.5,367.5,61,86.5,1207.7,15.7,6.2,32.7,0,1,5.9,5.9,189.9,EAST MADHYA PRADESH,1901,38,190,0
984.2,3.6,227,6.1,8.9,14.9,411.9,28,23.8,903.5,0,2.7,6.2,27.6,1,17,50.7,236.6,EAST MADHYA PRADESH,1902,8.9,236.6,6.1
1178.1,0.9,366.7,0,2.9,5.6,261.4,67.5,8.5,953,0.3,37.5,38.7,0,1,177.9,177.9,257.4,EAST MADHYA PRADESH,1903,2.9,257.4,0
1144.2,0,316.6,16.9,15.3,2,443.2,109.9,17.3,1005.2,48.2,8.6,56.7,3.2,1,44.8,65,135.6,EAST MADHYA PRADESH,1904,15.3,135.5,17
886,12.3,243.3,1.6,8,15.9,292.4,34.4,23.9,821,14.3,10.2,36.7,0,1,2.9,4.4,250.9,EAST MADHYA PRADESH,1905,8,250.9,1.5
1369.7,0,190.1,8.8,28.3,12.1,444.2,226.1,40.4,1277.3,30.8,3.5,34.4,1.7,1,7.1,17.6,417,EAST MADHYA PRADESH,1906,28.3,416.9,8.8
1009.6,30.5,512.3,1.2,103.1,7,221.9,90.9,110.1,845.2,4.5,5.1,40.1,13,1,0,14.2,20.1,EAST MADHYA PRADESH,1907,103.1,20.1,1.2
1430.6,1.4,588.6,5,17,18.2,528.9,117.7,35.2,1362.8,9.4,3.4,14.1,0.4,1,13,18.4,127.5,EAST MADHYA PRADESH,1908,17,127.6,5
1122,72.4,240.5,42.2,16.3,19.8,387,208.5,36.1,959.6,5.3,6.2,83.9,0,1,0.2,42.4,123.6,EAST MADHYA PRADESH,1909,16.3,123.6,42.2
1222.2,2.6,377.5,0,0.1,10,225.6,221.3,10.1,1082.4,0.2,9.6,12.4,68.3,1,49,117.3,258,EAST MADHYA PRADESH,1910,0.1,258,0
1197.1,0.8,362.6,0,0.8,22.7,175.9,204.7,23.5,1039.6,15.9,3.9,20.6,50.5,1,62.9,113.3,296.4,EAST MADHYA PRADESH,1911,0.8,296.4,-0.1
1150.6,4.8,373.5,2.5,46,8.4,460.4,35.6,54.3,1035.4,0.2,3.1,8.1,49.2,1,1,52.7,165.8,EAST MADHYA PRADESH,1912,45.9,165.9,2.5
936.4,0,281.3,17.7,58.4,1.3,262.5,201.6,59.8,808.5,22.7,24.2,46.9,0.7,1,2.7,21.2,63.1,EAST MADHYA PRADESH,1913,58.5,63.1,17.8
1250.1,19.8,339.8,2.8,9.3,0.1,544.5,107.6,9.4,1130.4,56.1,21.3,97.2,1.9,1,8.4,13.1,138.4,EAST MADHYA PRADESH,1914,9.3,138.5,2.8
1382.3,8.3,416.2,2.8,36.7,16.2,378.4,178.2,52.9,1132.6,52.6,10.4,71.3,6.7,1,116.2,125.6,159.7,EAST MADHYA PRADESH,1915,36.7,159.8,2.7
1480.2,2.2,452.7,0,26.6,0,250.5,286,26.6,1242.4,0.1,6.3,8.5,25.2,1,177.4,202.6,253.2,EAST MADHYA PRADESH,1916,26.6,253.2,0
1639.3,6.4,466.3,3.8,39.3,5.8,396.4,223.8,45,1432.4,25.4,63.2,95,0,1,63,66.8,345.9,EAST MADHYA PRADESH,1917,39.2,345.9,3.8
930.5,1.2,331.9,11.5,6.5,1.2,191.9,233.1,7.7,859.8,2.3,29.1,32.6,18.7,1,0.2,30.4,102.9,EAST MADHYA PRADESH,1918,6.5,102.9,11.5
1747.1,9.2,713,3.3,29.7,120.7,479.8,158.9,150.3,1457.3,10.8,23.2,43.1,10.8,1,82.3,96.4,105.6,EAST MADHYA PRADESH,1919,29.6,105.6,3.3
899.5,6.3,237.8,0,1.7,12.2,426.4,93.8,13.9,849.6,17,12.7,36,0,1,0.1,0.1,91.6,EAST MADHYA PRADESH,1920,1.7,91.6,0
1132.1,0.5,379.5,0,3.4,24.4,255.1,216.6,27.8,1102.8,0,0,0.6,0,1,0.9,0.9,251.6,EAST MADHYA PRADESH,1921,3.4,251.6,0
1238,2.5,321,3.2,6.1,39.1,459.2,132.7,45.2,1144.1,0.5,0.9,4,35,1,6.6,44.8,231.1,EAST MADHYA PRADESH,1922,6.1,231.2,3.2
1443.9,2.1,676.3,9.2,9.8,5.1,466.7,27.2,14.9,1363.6,20,2.3,24.5,0.2,1,31.5,40.9,193.4,EAST MADHYA PRADESH,1923,9.8,193.4,9.2
1315.3,1.1,377.7,10.5,9,29.4,547.3,43.5,38.4,1213.2,7.2,1.4,9.7,13.8,1,29.9,54.1,244.6,EAST MADHYA PRADESH,1924,9,244.7,10.4
1354.5,0.2,287.6,0.3,0,0.1,575,191.9,0.1,1258.6,0,29.8,30.1,53.8,1,11.7,65.8,204,EAST MADHYA PRADESH,1925,0,204.1,0.3
1726.8,41,551.4,0.9,3.1,21.1,327.2,26.3,24.2,1443.6,49.2,31,121.2,1.2,1,135.9,138,538.7,EAST MADHYA PRADESH,1926,3.1,538.7,0.9
1235.9,1.8,382.8,8.4,18.7,8.4,430.4,100.1,27.1,1006.9,44.4,2.5,48.8,77.7,1,67.1,153.2,93.6,EAST MADHYA PRADESH,1927,18.7,93.6,8.4
1106.9,1,185,53.5,52.8,15.7,475,152.7,68.5,875.7,9.1,2.5,12.6,0,1,96.6,150.1,63.1,EAST MADHYA PRADESH,1928,52.8,63,53.5
1247.4,11.2,399.2,47.9,17.4,30,524.9,94.3,47.4,1121.4,0.2,1.7,13.1,0,1,17.7,65.6,103,EAST MADHYA PRADESH,1929,17.4,103,47.9
1203.9,31.3,268.4,8.5,3.5,2.1,597.9,134,5.5,1109.5,3,6.9,41.3,5.2,1,33.9,47.6,109.2,EAST MADHYA PRADESH,1930,3.4,109.2,8.5
1342.2,3.3,458.1,2.6,29.5,13.7,294.5,69.6,43.2,1113.1,9,3.2,15.4,16.2,1,151.6,170.5,290.9,EAST MADHYA PRADESH,1931,29.5,290.9,2.7
1150.9,2.4,198,0,22.5,0,534.5,105.1,22.5,1080.3,13.9,6.3,22.5,3.1,1,22.5,25.6,242.8,EAST MADHYA PRADESH,1932,22.5,242.7,0
1368.4,29.5,321.1,3.3,44,8.4,360.6,143.8,52.4,1120,18.8,74.2,122.5,8.9,1,61.4,73.5,294.4,EAST MADHYA PRADESH,1933,44,294.5,3.2
1473.3,2.2,447.1,12.1,0.1,15.9,320.7,228.5,16,1391.4,10.5,0.2,12.9,20.9,1,19.9,53,395.1,EAST MADHYA PRADESH,1934,0.1,395.1,12.2
1279.9,19.1,292.6,12.9,17.2,21.5,624.4,88.3,38.7,1205.9,0.2,0.5,19.8,0.2,1,2.4,15.5,200.6,EAST MADHYA PRADESH,1935,17.2,200.6,12.9
1504.2,10.4,415.2,6.1,31.6,10.2,421.9,233.3,41.8,1287.3,22,15.7,48.1,71.8,1,49,126.9,217,EAST MADHYA PRADESH,1936,31.6,216.9,6.1
1398,43.5,344.7,1.1,59.7,0.1,465.5,186.9,59.8,1176.5,11.2,2.4,57,3.6,1,100,104.7,179.4,EAST MADHYA PRADESH,1937,59.7,179.4,1.1
1373.8,2.6,322,0,11.5,52.3,403.4,300.7,63.8,1184.4,6.4,22.3,31.4,0,1,94.3,94.3,158.2,EAST MADHYA PRADESH,1938,11.5,158.3,0
1347.2,6.4,393.9,0,19.3,36.4,496,186.6,55.7,1257.2,20,0,26.4,0,1,7.9,7.9,180.8,EAST MADHYA PRADESH,1939,19.3,180.7,0
1192.8,6.6,431,25.4,15.9,3.4,447.2,117,19.3,1077,16,10.6,33.3,2.8,1,35,63.2,81.9,EAST MADHYA PRADESH,1940,15.9,81.8,25.4
828.1,3.1,300.5,0.1,35.7,30,190.2,124.8,65.7,726.8,15.2,8.1,26.4,0,1,9.2,9.3,111.2,EAST MADHYA PRADESH,1941,35.7,111.3,0.1
1508.4,5,381.8,20.1,79.8,40.8,605.6,166.4,120.6,1350.3,10.2,0.9,16.1,0,1,1.2,21.3,196.5,EAST MADHYA PRADESH,1942,79.8,196.5,20.1
1382.4,10.7,386.5,0,1.8,115.6,421.8,119.2,117.4,1165.7,0,28.5,39.3,1.3,1,58.8,60.1,238.3,EAST MADHYA PRADESH,1943,1.8,238.2,0
1427,10.7,379.5,5.7,68.4,29.6,533.7,103.1,97.9,1166.8,87.3,1.8,99.7,6.3,1,50.5,62.5,150.5,EAST MADHYA PRADESH,1944,68.3,150.5,5.7
1286.3,30,287.1,2.2,0.7,42.5,410,224.9,43.2,1178.2,0,6,36,0,1,26.6,28.9,256.2,EAST MADHYA PRADESH,1945,0.7,256.2,2.3
1494.3,13.5,480.8,8.6,23.2,0,376.3,346,23.2,1298.7,0.9,8.1,22.4,108.9,1,32.6,150,95.6,EAST MADHYA PRADESH,1946,23.2,95.6,8.5
1419.5,1.7,438.7,1.8,26.5,50.5,487.9,91.4,77,1287.5,19.6,2.4,23.6,0.3,1,29.3,31.4,269.5,EAST MADHYA PRADESH,1947,26.5,269.5,1.8
1430.4,3.2,371.2,0,11,66.1,355.8,189.2,77.1,1219,3.6,1.2,7.9,103.8,1,22.6,126.4,302.8,EAST MADHYA PRADESH,1948,11,302.8,0
1235.5,1.5,302.7,0.4,15.4,2,351,114.4,17.4,1064.3,2.8,24.3,28.7,0,1,124.7,125.1,296.2,EAST MADHYA PRADESH,1949,15.4,296.2,0.4
1177.9,1.7,408.4,22.6,27.7,15.1,461.1,75.3,42.8,1059.1,35.9,2.5,40.2,0.2,1,13.1,35.9,114.3,EAST MADHYA PRADESH,1950,27.7,114.3,22.6
1175.6,16.5,382.4,0,21,19.3,285.8,138.5,40.3,1028.4,44.5,9.9,70.9,0,1,35.9,35.9,221.6,EAST MADHYA PRADESH,1951,21,221.7,0
1155.3,2.9,400.3,4,27.1,1.1,386.8,196.4,28.1,1100.6,8.8,2.6,14.3,0,1,8.3,12.3,117.1,EAST MADHYA PRADESH,1952,27,117.1,4
1007.1,7.1,348,0.6,4.8,16.4,408.3,42.7,21.3,959.8,0,2,9.1,0,1,16.3,16.9,160.8,EAST MADHYA PRADESH,1953,4.9,160.8,0.6
1076.7,3.1,289.5,0.6,12.2,16.6,329.7,80.5,28.9,1031.8,6.4,0.1,9.6,0,1,5.8,6.4,332,EAST MADHYA PRADESH,1954,12.3,332.1,0.6
1421,3,427.1,0,3,70.9,260.2,236.4,73.9,1219.4,1.6,3.4,8.1,0,1,119.6,119.6,295.7,EAST MADHYA PRADESH,1955,3,295.7,0
1515.8,1.7,415.2,21.8,5.5,14.1,525.3,187.9,19.6,1313.3,6.6,25.9,34.1,53.7,1,73.3,148.8,184.9,EAST MADHYA PRADESH,1956,5.5,184.9,21.8
1000.8,17.9,359.5,0.5,0.9,20.8,349.7,61.3,21.8,884.1,63.8,6.2,87.9,0,1,6.6,7.1,113.6,EAST MADHYA PRADESH,1957,1,113.6,0.5
1171.6,6,273.6,0.1,17,8.1,435.8,65.7,25.1,1011.8,14.2,1.3,21.5,3.5,1,109.6,113.1,236.6,EAST MADHYA PRADESH,1958,17,236.7,0
1302.4,8.1,397.3,0,3.8,49.1,437.8,81.3,52.9,1147.7,1.4,30.2,39.8,0.3,1,61.7,62,231.2,EAST MADHYA PRADESH,1959,3.8,231.3,0
1252,6.2,495.3,0.8,0.1,46.8,376.3,113.1,46.9,1067.4,24.6,1.3,32.1,0,1,104.8,105.6,82.7,EAST MADHYA PRADESH,1960,0.1,82.7,0.8
1598.8,5.8,462.9,13.7,11.2,29,499.4,132.9,40.3,1453.7,3.8,8.4,18,7.5,1,65.7,86.8,358.4,EAST MADHYA PRADESH,1961,11.3,358.5,13.6
1068.4,9.5,325.7,51,23.1,12.8,327.2,55.5,36,937.9,21.5,9.5,40.4,1.7,1,1.4,54.1,229.5,EAST MADHYA PRADESH,1962,23.2,229.5,51
1120.1,16.2,364.4,1.2,13.5,7.2,274.2,147.9,20.7,1030.1,5.7,10.7,32.5,7.7,1,27.9,36.8,243.6,EAST MADHYA PRADESH,1963,13.5,243.6,1.2
1187.3,1.3,433,0.2,8.1,0.2,360.1,131.5,8.3,1150.6,2.2,2.5,6,0.9,1,21.3,22.4,226,EAST MADHYA PRADESH,1964,8.1,226,0.2
697.8,12.5,185,9.1,0.9,4.6,205.9,68.5,5.4,643.5,15.3,0.6,28.4,0.1,1,11.2,20.5,184.2,EAST MADHYA PRADESH,1965,0.8,184.1,9.2
849.1,0.7,262,8.8,3.8,13.2,253.4,210.7,17,777,1.9,7.6,10.1,34,1,2.2,45,51,EAST MADHYA PRADESH,1966,3.8,50.9,8.8
1407.8,1.1,481.2,86,0,0.2,396.5,118.5,0.2,1258.3,53.3,2.1,56.5,1.1,1,5.8,92.9,262,EAST MADHYA PRADESH,1967,0,262.1,86
973.6,3.5,281.3,1.5,12.1,35.7,355.8,101.9,47.8,890.4,8.8,1.2,13.4,0,1,20.4,22,151.5,EAST MADHYA PRADESH,1968,12.1,151.4,1.6
1242.1,0.7,392.8,0,2.7,8.3,553.4,41.7,11.1,1186.3,1.1,9.7,11.6,33.2,1,0,33.2,198.3,EAST MADHYA PRADESH,1969,2.8,198.4,0
1342.2,1.4,481.2,0,29.4,60.6,268.5,198.2,90,1198.5,36.3,12.5,50.1,0,1,3.6,3.6,250.6,EAST MADHYA PRADESH,1970,29.4,250.6,0
1518.7,13.6,286.3,0,8.3,34.6,507.9,356.6,42.9,1309.9,11.4,30,55,0,1,110.9,110.9,159.2,EAST MADHYA PRADESH,1971,8.3,159.1,0
1038.3,2.3,555.7,6.2,10.4,0.4,207.7,54.1,10.9,958.3,0.1,0.2,2.7,34.9,1,25.4,66.5,140.8,EAST MADHYA PRADESH,1972,10.5,140.8,6.2
1252.3,1,430.2,7.6,29.3,1,440.4,54.8,30.3,1130.5,0.1,1.1,2.3,0,1,81.7,89.2,205.2,EAST MADHYA PRADESH,1973,29.3,205.1,7.5
971.1,0.1,420,0.2,6.8,0.2,303.2,98.8,7,876.9,1.3,4.2,5.6,5.1,1,76.3,81.6,55,EAST MADHYA PRADESH,1974,6.8,54.9,0.2
1434.5,0.1,568.5,0,11.3,11.8,371.8,190.4,23.1,1302.5,13.1,1.4,14.6,0.1,1,94,94.2,171.8,EAST MADHYA PRADESH,1975,11.3,171.8,0.1
1055.6,14.6,366.6,0.9,2.4,13.5,370.6,84.7,15.9,995.3,5.6,10.7,30.9,12.3,1,0.3,13.5,173.5,EAST MADHYA PRADESH,1976,2.4,173.4,0.9
1372.2,7.4,420.5,4.9,4.6,10.3,340.2,275.8,14.9,1204.4,4.6,7.7,19.7,66.6,1,61.7,133.2,167.9,EAST MADHYA PRADESH,1977,4.6,167.9,4.9
1392.6,5,428.7,46.8,73.6,22.3,338.2,209.1,95.8,1191.8,30.5,0.2,35.8,14.3,1,8.1,69.3,215.7,EAST MADHYA PRADESH,1978,73.5,215.8,46.9
809.8,0.4,226.7,1.5,45.4,47.5,243.8,98.9,93,633.9,2.5,11.2,14.2,61.3,1,6,68.8,64.5,EAST MADHYA PRADESH,1979,45.5,64.5,1.5
1369.2,0.6,516.7,33.3,4,9.5,372,250.1,13.5,1313.7,4,1.3,5.9,0.3,1,2.4,36,174.9,EAST MADHYA PRADESH,1980,4,174.9,33.3
1036,2.1,270.2,15.8,1.1,13.6,338.9,152,14.7,954.9,24.3,14.8,41.1,5.5,1,4,25.4,193.8,EAST MADHYA PRADESH,1981,1.1,193.8,15.9
1297.3,1.7,585.4,1.5,13.4,86,271.7,97.1,99.4,1114.9,9.7,21.4,32.8,22.2,1,26.5,50.2,160.6,EAST MADHYA PRADESH,1982,13.4,160.7,1.5
1275.5,7.9,319.8,4.1,12.4,10.5,350.9,98.1,22.9,1165.2,0.2,10.3,18.4,0,1,64.9,69,396.4,EAST MADHYA PRADESH,1983,12.4,396.4,4.1
1110.6,3.4,590.3,1.5,37.6,53.7,202,91.4,91.3,997.6,0,2,5.3,0,1,14.8,16.4,114,EAST MADHYA PRADESH,1984,37.6,113.9,1.6
1115.4,5.5,340.2,0,6.2,42.7,398.1,94.9,48.9,960.2,0.3,3.2,9.1,0,1,97.2,97.2,127,EAST MADHYA PRADESH,1985,6.2,127,0
1029.2,1.4,243,41.1,99,11.7,317.2,186.8,110.6,829.4,19.8,11.6,32.9,1.1,1,14,56.2,82.5,EAST MADHYA PRADESH,1986,98.9,82.4,41.1
1116.1,0.1,307.2,3.6,44.9,37.7,248.6,45.2,82.6,915.4,8,8.2,16.2,16.9,1,81.4,101.9,314.3,EAST MADHYA PRADESH,1987,44.9,314.4,3.6
1069.4,5.6,338.1,2.2,17.6,7.1,363.7,199.1,24.7,1008.3,4.6,4.1,14.3,0,1,19.9,22.1,107.5,EAST MADHYA PRADESH,1988,17.6,107.4,2.2
920.9,0,358.9,23.6,0,0.4,197.7,190.3,0.4,872.2,18.5,3.4,21.9,1.5,1,1.4,26.5,125.3,EAST MADHYA PRADESH,1989,0,125.3,23.6
1380,2.1,285.7,7.5,31.1,0.8,334.7,315.2,31.9,1266.9,2.2,32,36.4,0,1,37.3,44.9,331.3,EAST MADHYA PRADESH,1990,31.1,331.3,7.6
1016.9,3.4,488.1,2.1,7.8,3.5,319.3,98.6,11.3,973.4,16.1,2.6,22,2.9,1,5.1,10.2,67.3,EAST MADHYA PRADESH,1991,7.8,67.4,2.2
1051.1,0.4,465.7,0,0,0,295.4,38.4,0.1,1035.1,0.5,7.1,8,0.1,1,7.9,8,235.6,EAST MADHYA PRADESH,1992,0.1,235.6,0
1118.9,1,288.1,0,12.2,0,252.9,105.6,12.2,1062.5,15.8,5.5,22.3,0.1,1,21.7,21.9,415.9,EAST MADHYA PRADESH,1993,12.2,415.9,0.1
1533.7,9.9,512.1,0,10.7,9.5,550.2,264.7,20.2,1477.5,0,1,10.9,0.4,1,24.8,25.1,150.5,EAST MADHYA PRADESH,1994,10.7,150.5,-0.1
1032.3,3.2,355.3,12.8,8.9,24.1,361.9,81,33.1,926.9,47,2.1,52.3,2.1,1,5.2,20.1,128.7,EAST MADHYA PRADESH,1995,9,128.7,12.8
986.6,1.9,369.5,0,15.9,39.1,312.4,67.2,55,878.1,3.5,0.9,6.2,0,1,47.3,47.3,129,EAST MADHYA PRADESH,1996,15.9,129,0
1357.1,7.4,358.9,102.6,0,4,449.1,95.1,4,1101.1,0.6,3.3,11.3,76.4,1,61.6,240.6,198,EAST MADHYA PRADESH,1997,0,198,102.6
1013.4,5.2,323.3,0,5.7,29.7,297.2,84.4,35.4,892.1,24.1,2.9,32.2,33.4,1,20.4,53.8,187.1,EAST MADHYA PRADESH,1998,5.7,187.2,0
1443.9,0,355.9,0,21.2,1.5,336.3,122.5,22.7,1337.4,0,4.8,4.8,0,1,79,79,522.7,EAST MADHYA PRADESH,1999,21.2,522.7,0
874.2,0.1,208.2,0,0,0.1,377.7,167.5,0.1,864.9,0.1,7.4,7.5,0,1,1.8,1.8,111.4,EAST MADHYA PRADESH,2000,0,111.5,0
1170.1,23,243.9,0,0.8,2.3,468.4,255.5,3.1,1018.2,2.4,12.4,37.7,1,1,110,111,50.4,EAST MADHYA PRADESH,2001,0.8,50.4,0
950.2,0.2,491.8,1.2,29.6,1.8,84.7,93.5,31.5,862.2,1.2,5.2,6.6,5.6,1,43.1,49.9,192.1,EAST MADHYA PRADESH,2002,29.7,192.2,1.2
1438.1,1,370.2,2.9,59.6,0.7,366.8,119.9,60.3,1350.2,2.2,0.4,3.7,0.5,1,20.5,23.8,493.3,EAST MADHYA PRADESH,2003,59.6,493.3,2.8
955.3,1.7,369.1,0,0.4,19.8,203.1,208.1,20.2,900.2,0,3.9,5.7,4.1,1,25.2,29.3,119.9,EAST MADHYA PRADESH,2004,0.4,119.9,0
1366.4,3.4,256.6,4.4,10.6,35.2,597.2,163.9,45.8,1216.1,27.4,41.7,72.5,0,1,27.6,32,198.4,EAST MADHYA PRADESH,2005,10.6,198.4,4.4
943.4,14.2,328.3,3,0,0,373.8,56.3,0,832.6,50.3,18,82.5,12.3,1,13,28.4,74.1,EAST MADHYA PRADESH,2006,0,74.2,3.1
653.8,2.9,162.6,1.5,26.3,7,207.8,74.8,33.3,575.3,8.6,6.2,17.7,22.8,1,3.1,27.5,130.1,EAST MADHYA PRADESH,2007,26.3,130.1,1.6
1003.2,2.5,270.2,0.4,4.1,1.4,268.2,307.6,5.5,962.2,8.9,5.3,16.7,3,1,15.5,18.9,116.1,EAST MADHYA PRADESH,2008,4.1,116.2,0.4
943.9,2.7,191.3,19,1,14.8,317.6,35.3,15.7,752.8,1.8,3.7,8.2,79.2,1,68.9,167.1,208.7,EAST MADHYA PRADESH,2009,0.9,208.6,19
960.4,0.7,271.9,3.3,10.4,2.9,363.3,58.4,13.2,907,0.1,1.7,2.4,10.9,1,23.6,37.8,213.4,EAST MADHYA PRADESH,2010,10.3,213.4,3.3
1275.2,7.1,326.9,0,1.9,0.6,323.6,332.5,2.5,1259.4,0.3,4.7,12.1,0,1,1.1,1.1,276.5,EAST MADHYA PRADESH,2011,1.9,276.4,0
1053.1,1.1,351.7,2.7,0.7,39.4,398.9,67.8,40,990.9,0.6,1.2,2.9,3.8,1,12.7,19.2,172.6,EAST MADHYA PRADESH,2012,0.6,172.5,2.7
1521.9,9.5,480.8,1,43.4,2,456.2,311.9,45.4,1326.9,14.1,0.3,23.9,0.5,1,124.2,125.7,78,EAST MADHYA PRADESH,2013,43.4,78,1
924.9,5.1,231.8,12.9,49.7,32.1,283.4,91.8,81.8,746.6,17.8,2.5,25.3,1.9,1,56.4,71.2,139.6,EAST MADHYA PRADESH,2014,49.7,139.6,12.9
939.2,25.8,272.1,0.9,11,37.3,262.2,139.2,48.3,745.1,73.4,6.3,105.5,1.2,1,38.2,40.3,71.6,EAST MADHYA PRADESH,2015,11,71.6,0.9
554.3,1.6,205.4,0.3,0,4.2,240.2,60.3,4.2,524,0.6,7,9.2,0,1,16.6,17,18.1,GUJARAT REGION,1901,0,18.1,0.4
863.9,0.6,299,11.9,0,3.9,229.8,32.8,3.9,842.8,0,1,1.5,1.5,1,2.3,15.7,281.2,GUJARAT REGION,1902,0,281.2,11.9
887.6,0,202,0,0.1,0.3,452.9,30.1,0.3,868.2,1.4,12.3,13.6,0,1,5.4,5.4,183.2,GUJARAT REGION,1903,0,183.2,0
492.6,0.2,71.8,1.2,10.6,0.8,194.8,48.3,11.3,453,16.8,3.9,20.9,0.1,1,6.1,7.4,138,GUJARAT REGION,1904,10.5,138.1,1.2
811.5,0.3,37.9,0.1,0.7,0.1,668.3,20.1,0.8,807.6,1.1,0,1.3,0.2,1,1.4,1.7,81.3,GUJARAT REGION,1905,0.7,81.3,0.1
890.6,0,247.1,0.9,12.7,0,311.5,177.5,12.7,870.9,0,0.1,0.2,0,1,5.9,6.8,134.8,GUJARAT REGION,1906,12.7,134.8,0.9
997,2.1,564.4,0,14.6,0.3,325,72.4,15,979.3,0.2,0.4,2.7,0,1,0,0,17.5,GUJARAT REGION,1907,14.7,17.5,0
1027.5,0,366,0,0.3,5.2,562.1,67.5,5.5,1020.7,0.2,0.1,0.3,0,1,1,1,25.1,GUJARAT REGION,1908,0.3,25.1,0
977.8,5.5,242.6,5.5,0.5,0.1,415.6,160.5,0.6,962,0.1,2.6,8.2,0,1,1.5,7,143.3,GUJARAT REGION,1909,0.5,143.3,5.5
974.6,0.1,338.5,0,0,0.6,290.2,262.6,0.6,936,0,0,0.1,14.8,1,23.1,37.9,44.7,GUJARAT REGION,1910,0,44.7,0
403.5,0,93.4,0.1,0,3.5,66.7,158,3.5,375.8,18.9,0.9,19.8,3.8,1,0.5,4.4,57.7,GUJARAT REGION,1911,0,57.7,0.1
1118.5,0.2,291.1,0,0,0.1,624.9,105.1,0.1,1060,0,0.6,0.8,44.1,1,13.6,57.7,38.9,GUJARAT REGION,1912,0,38.9,0
1162.6,0,213.8,0.3,0,0,423.2,364.5,0,1147.5,0.1,13.5,13.7,0.1,1,1.1,1.4,146,GUJARAT REGION,1913,0,146,0.2
1107.5,0.2,137.7,0,3.7,0,488.8,222.3,3.7,1083.7,0,5.4,5.6,6,1,8.5,14.4,234.9,GUJARAT REGION,1914,3.7,234.9,-0.1
567.3,1.6,116.3,0.2,1.9,7.5,128.9,128.7,9.4,426.6,12.1,2.3,16,2.8,1,112.3,115.3,52.7,GUJARAT REGION,1915,1.9,52.7,0.2
952.9,0.1,418.9,0,0,0,168.3,126.7,0,907.5,0.2,8.7,9,4,1,32.4,36.4,193.6,GUJARAT REGION,1916,0,193.6,0
1524.9,5.3,379.2,0,7.4,0.4,320.1,126.8,7.8,1179.8,0,98.3,103.6,0,1,233.7,233.7,353.7,GUJARAT REGION,1917,7.4,353.7,0
392.6,0,213.4,0,0,0.4,110.5,37.8,0.4,379.3,0.2,12.1,12.3,0.5,1,0.2,0.7,17.6,GUJARAT REGION,1918,0,17.6,0
1067.4,1.3,481.2,0,0.1,6.1,335.9,110,6.2,1005.2,0,2.1,3.5,19.6,1,33,52.6,78.1,GUJARAT REGION,1919,0.1,78.1,0
708.9,0.2,110.4,0,1.8,44.1,268.1,189.3,45.9,599.5,0,63.2,63.4,0,1,0,0,31.7,GUJARAT REGION,1920,1.8,31.7,0
1172.8,0,205.4,0.2,0,0.8,529.7,31.1,0.8,1171.3,0,0,0,0,1,0.4,0.6,405.1,GUJARAT REGION,1921,0,405.1,0.2
878.7,0,106.8,0.7,0,2.1,314.8,130.8,2.1,866.8,0,0,0,4.1,1,5,9.8,314.3,GUJARAT REGION,1922,0,314.4,0.7
553.2,4,157.5,0,5.2,0,295,2.6,5.2,537,1.5,4.6,10.1,0,1,0.9,1,81.9,GUJARAT REGION,1923,5.2,81.9,0.1
909.6,0,267,1,0,1.4,297.3,117.3,1.4,880.3,0.4,5.5,6,0,1,21,22,198.7,GUJARAT REGION,1924,0,198.7,1
593.1,0,81.8,0.2,0,0,199.3,264.6,0,559.9,0.1,25.8,26,6.6,1,0.4,7.2,14.2,GUJARAT REGION,1925,0,14.2,0.2
1274.5,2,471,0,0,6.5,406.1,20.1,6.5,1256.4,0.9,8.5,11.5,0.1,1,0.1,0.2,359.1,GUJARAT REGION,1926,0,359.2,0
1422.1,0.2,199.2,14.8,4.9,0,903.3,139.4,4.9,1355.8,0,1.9,2.1,18.3,1,26.2,59.3,113.9,GUJARAT REGION,1927,4.9,113.9,14.8
821,0,220.5,1.8,0.2,0,372.7,51.5,0.2,783,0,0,0,16.4,1,19.6,37.8,138.3,GUJARAT REGION,1928,0.2,138.3,1.8
676.3,5.5,150.7,11.6,0,1.9,353.7,123.6,1.9,648.6,0,0.9,6.4,0.6,1,7.2,19.4,20.6,GUJARAT REGION,1929,0,20.6,11.6
894.7,0.1,152.9,0.9,0.2,2,426,160.2,2.2,841.9,0.2,1.1,1.5,0,1,48.2,49.1,102.8,GUJARAT REGION,1930,0.2,102.8,0.9
1104.6,0,546.3,1.3,0.1,0,332.5,18.4,0.1,983.7,0,1.7,1.7,4.2,1,113.6,119.1,86.4,GUJARAT REGION,1931,0.1,86.5,1.3
906.6,0.4,146.6,0.3,0,0,540,57.9,0,873.7,0.8,0.4,1.6,0.9,1,30.1,31.3,129.2,GUJARAT REGION,1932,0,129.2,0.3
1137.1,3.5,473.6,7.9,3.4,0,241.3,118.3,3.4,1060.6,0.7,44.3,48.6,1.4,1,15.1,24.4,227.5,GUJARAT REGION,1933,3.4,227.4,7.9
979.6,0.3,392.9,0,0,0.1,266.1,219.7,0.1,959.9,0.7,0,1.1,17.6,1,0.9,18.5,81.2,GUJARAT REGION,1934,0,81.2,0
756.9,1.6,107.1,0.3,0,7.3,356,82.4,7.3,733.1,0,0.4,1.9,0.1,1,14.2,14.6,187.6,GUJARAT REGION,1935,0,187.6,0.3
609.3,0,52.9,0,1.8,0,133.4,189.4,1.8,551.5,1.3,0.8,2.1,52.5,1,1.3,53.9,175.8,GUJARAT REGION,1936,1.8,175.8,0.1
1203.1,0.1,32,4.8,4,0,577.8,260.6,4,1190.6,0.2,0,0.3,0.1,1,3.3,8.2,320.1,GUJARAT REGION,1937,4,320.2,4.8
814.9,0,134.6,0,0.1,0,342.6,265,0.1,768.6,0,15.8,15.8,0,1,30.3,30.4,26.3,GUJARAT REGION,1938,0.1,26.4,0.1
605.6,0,265.3,0.2,1.1,0,210.3,30.3,1.1,597.5,3.1,0,3.1,2.4,1,1.3,3.9,91.6,GUJARAT REGION,1939,1.1,91.6,0.2
870.1,2,241.8,0,4.4,11.3,208.3,152.6,15.7,722.6,10.1,1.5,13.5,26.7,1,91.5,118.2,119.8,GUJARAT REGION,1940,4.4,119.9,0
961.8,0.7,187.7,0.4,12.5,1,671.9,42.5,13.5,942.9,0.1,0.9,1.8,0,1,3.3,3.7,40.7,GUJARAT REGION,1941,12.5,40.8,0.4
1186.8,0,367.8,0.3,13.7,2,501.1,130.1,15.8,1161.6,0,9,9,0,1,0,0.4,162.6,GUJARAT REGION,1942,13.8,162.6,0.4
912.8,0.6,80.9,0,0,0.1,484.2,132.8,0.1,850.1,0,19,19.5,0.4,1,42.6,43,152.2,GUJARAT REGION,1943,0,152.2,0
1340.6,2.3,502.7,0,0,2.9,625.9,110.1,2.9,1310.9,5.1,2.3,9.8,0,1,16.9,17,72.2,GUJARAT REGION,1944,0,72.2,0.1
1277,1.9,245.3,0,0,7,518.8,160.9,7,1264.6,0,0.7,2.6,0,1,2.7,2.7,339.5,GUJARAT REGION,1945,0,339.6,0
1147.7,1.1,469.6,5.5,2.1,0,291.7,233.3,2.1,1099.3,0,4.2,5.3,34.4,1,1.1,41,104.6,GUJARAT REGION,1946,2.1,104.7,5.5
783.4,40.4,257.1,0,0,0.4,216.7,5.4,0.4,731.9,0,0,40.4,2.3,1,8.3,10.7,252.7,GUJARAT REGION,1947,0,252.7,0.1
473.9,0,115.9,0.6,0.4,11.7,185.9,65.5,12.1,417.2,0,0.7,0.7,25.1,1,18.2,43.9,49.8,GUJARAT REGION,1948,0.4,49.9,0.6
800.3,0,205.5,0,0.1,0,290,35.2,0.1,771.8,0,2.5,2.5,2.5,1,23.5,25.9,241.1,GUJARAT REGION,1949,0.1,241.1,-0.1
1129.3,0,76.9,0,0,0,730.7,11.7,0,1125.9,0,0.1,0.1,0,1,3.3,3.3,306.6,GUJARAT REGION,1950,0,306.6,0
478.3,0.3,162.6,0.3,0,0,218.6,65.6,0,454.1,0.4,2.1,2.7,7.3,1,13.9,21.5,7.3,GUJARAT REGION,1951,0,7.3,0.3
776.6,0,136.4,0,0,0,487.7,138.7,0,774.5,0,0.2,0.3,0,1,1.8,1.8,11.6,GUJARAT REGION,1952,0,11.7,0
1055.5,0.1,552.9,0.4,0,12.6,240,143.6,12.6,1041,0,0.3,0.4,0,1,1,1.4,104.5,GUJARAT REGION,1953,0,104.5,0.4
1248,0,214.1,2.6,2,0.1,355,114.3,2.2,1205.5,5.5,0.2,5.7,0.1,1,32,34.7,522,GUJARAT REGION,1954,2.1,522.1,2.6
975.7,0.7,393.5,0,0.1,0.3,109.9,104.9,0.4,919.8,0.1,3.1,4,0.1,1,51.4,51.5,311.4,GUJARAT REGION,1955,0.1,311.5,0
1366.6,0.1,329.8,1.4,0.1,0,661.3,102.9,0.1,1229,0,26.5,26.6,2.2,1,107.4,110.9,135,GUJARAT REGION,1956,0.1,135,1.3
647.8,0,198.7,0.2,0,2.3,257.1,151.8,2.3,623.6,0.2,5.7,6,8.2,1,7.5,15.9,16.1,GUJARAT REGION,1957,0,16,0.2
1123.1,1.1,287.1,0.1,0,1,336.8,103.4,1,1063.2,0.3,0.7,2,10,1,46.9,56.9,335.9,GUJARAT REGION,1958,0,335.9,0
1560.7,2.8,321.8,0,0,0,632.6,98,0,1430.1,0,1.4,4.2,4.7,1,121.7,126.4,377.6,GUJARAT REGION,1959,0,377.7,0
649.6,0,210.6,0.1,0,1.6,218.3,131.4,1.6,633.3,0.2,8,8.2,0,1,6.3,6.5,73.1,GUJARAT REGION,1960,0,73,0.2
945.1,0,174.6,0,0.6,0,365.1,90.2,0.6,927.6,0,0.6,0.6,0.1,1,16.1,16.2,297.7,GUJARAT REGION,1961,0.6,297.7,0
773,1.3,181,2.9,0,0,298.8,49.3,0,756.2,1.4,2.3,5,8.9,1,0,11.8,227.1,GUJARAT REGION,1962,0,227.1,2.9
997.9,0.3,350.9,0.4,0,1.4,291.4,65.4,1.4,935.3,0.9,0.3,1.6,33.1,1,26,59.5,227.6,GUJARAT REGION,1963,0,227.6,0.4
892.7,0,296.3,0,0,0.1,371,106.2,0.1,888.1,0,4,4,0,1,0.5,0.5,114.6,GUJARAT REGION,1964,0,114.6,0
656.7,0.4,165.9,0.1,0,7.4,442.4,11.2,7.4,643.6,0.6,1.3,2.2,2.4,1,1,3.5,24.1,GUJARAT REGION,1965,0,24.1,0.1
696.7,0,71.2,0.1,0,0.2,316.4,123.1,0.2,694.6,0,0.5,0.6,0.3,1,0.8,1.2,183.9,GUJARAT REGION,1966,0,183.9,0.1
938.7,0.4,204.1,21.1,0,0,413.2,132.7,0,873.8,42.1,0.2,42.7,0,1,1,22.1,123.8,GUJARAT REGION,1967,0,123.8,21.1
668,0,297.1,0,0.3,0.1,279.1,33.8,0.4,655.9,1.2,0.1,1.4,0.1,1,10.3,10.3,45.8,GUJARAT REGION,1968,0.3,45.9,-0.1
789,0,154.6,3.2,0.2,0,331.3,100.5,0.3,778.3,0,0,0,7.2,1,0,10.4,191.9,GUJARAT REGION,1969,0.3,191.9,3.2
1353.8,0.1,495.8,0,1,0.2,261.2,262.6,1.1,1341.4,0.1,5.3,5.4,0,1,5.8,5.8,321.8,GUJARAT REGION,1970,0.9,321.8,0
769.2,0.3,194.1,0,0.1,0,253.6,176.2,0.1,758.8,0,5,5.3,0,1,5,5,134.9,GUJARAT REGION,1971,0.1,134.9,0
503.8,0,180.4,0,2,0.1,208.4,87.8,2,499.7,0,1.8,1.9,0,1,0.2,0.2,23,GUJARAT REGION,1972,1.9,23.1,0
1159.6,0,364.5,0.1,0.7,0.2,301.4,97.3,0.9,1150.2,0.1,1.3,1.4,0,1,7.1,7.1,387,GUJARAT REGION,1973,0.7,387,0
421.3,0.6,103,1.5,0,0,135.5,22.1,0,329.3,0,51.3,51.9,0,1,38.6,40.1,68.7,GUJARAT REGION,1974,0,68.7,1.5
1192.7,0,449.6,0,0,0,219.5,156,0,1143.6,0.7,0.1,0.9,0,1,48.2,48.2,318.5,GUJARAT REGION,1975,0,318.5,0
1620.1,0,482.4,0,0,3.2,584.4,342.5,3.2,1558.8,0,0.2,0.2,57.7,1,0.2,57.9,149.5,GUJARAT REGION,1976,0,149.5,0
1307.7,0.1,242.9,0,0.1,3.9,565.2,310.2,4,1278.3,0.2,15.4,15.8,8.9,1,0.7,9.6,160,GUJARAT REGION,1977,0.1,160,0
935.8,2,405.7,5.9,1.1,0,280.7,155.5,1.1,894.2,0,0.3,2.3,26.2,1,6.1,38.2,52.3,GUJARAT REGION,1978,1.1,52.3,5.9
904.5,0,441.3,0.1,4.6,1,174.2,132.3,5.6,794.1,0,0.3,0.4,92.8,1,11.5,104.3,46.3,GUJARAT REGION,1979,4.6,46.3,0
822,0,249.1,17.6,0,0.1,268.7,261.3,0.1,803.1,0,0.1,0.1,0.4,1,0.8,18.7,24,GUJARAT REGION,1980,0,24,17.5
1114.2,0.1,377,0,0,1.3,414.3,111.3,1.3,1040.6,0.7,0.3,1,30.5,1,40.8,71.4,137.9,GUJARAT REGION,1981,0,138,0.1
758.3,2.6,266.3,0,0.1,0.4,274.4,39.6,0.5,606.2,0.1,45.8,48.5,96.6,1,6.5,103.1,25.8,GUJARAT REGION,1982,0.1,25.9,0
1213.9,8,405.9,0,0,0.1,408.8,129.3,0.1,1124.7,0,1.3,9.4,0,1,79.8,79.8,180.8,GUJARAT REGION,1983,0,180.7,0
853.6,0,421.4,0,0,0,250.5,85.2,0,846.3,0,0,0,1.7,1,5.7,7.3,89.2,GUJARAT REGION,1984,0,89.2,-0.1
589.7,0.8,182.5,0.3,0,0,247.2,14.7,0,462.4,0,2.1,2.9,0,1,124,124.3,18.1,GUJARAT REGION,1985,0,18,0.3
501.8,0,149.4,0,0,0,161.8,180.1,0,497.1,0.1,2,2.1,1.1,1,1.5,2.6,5.9,GUJARAT REGION,1986,0,5.8,0
401.9,0,180.6,10.7,0.5,0.4,119.4,69.6,0.9,375.2,0,0.3,0.4,11.2,1,3.4,25.4,5.7,GUJARAT REGION,1987,0.5,5.6,10.8
1097.4,2.5,245.5,0,0,0,573.1,74.7,0,1083.7,0,0,2.5,0,1,11.2,11.2,190.4,GUJARAT REGION,1988,0,190.4,0
822.8,0,298.3,0,0,1.3,351.2,112.5,1.3,819.9,0,0.1,0.1,0,1,1.5,1.5,58,GUJARAT REGION,1989,0,57.9,0
1118.4,0,530.5,3.8,3.3,0,221.6,79,3.3,1057.3,0.2,32.9,33.2,4.8,1,16,24.6,226.2,GUJARAT REGION,1990,3.3,226.2,3.8
672.7,0,133.8,0,0,0,440.8,55.6,0,672,0,0,0,0.7,1,0,0.7,41.8,GUJARAT REGION,1991,0,41.8,0
901.1,0,244.4,0,0,0.8,256.3,132.8,0.8,877.7,0,0.9,0.9,2.5,1,19.2,21.7,244.1,GUJARAT REGION,1992,0,244.2,0
941.4,0,69.5,0,1.7,0,557.4,133.2,1.7,908,0.1,0,0.1,1.5,1,30.1,31.7,147.8,GUJARAT REGION,1993,1.7,147.9,0.1
1534.5,0.1,370.1,0,0,7.2,490.6,320.7,7.2,1525.1,0,0,0.2,0.1,1,2,2.1,343.7,GUJARAT REGION,1994,0,343.7,0
684.3,0,127.4,0.7,0,2.2,451,8.5,2.2,657.9,0.2,0,0.3,0.3,1,22.9,23.9,71,GUJARAT REGION,1995,0,71,0.7
902.8,0,228.5,0,0,1,374.6,123.9,1,878.3,0,0,0,0.1,1,23.3,23.4,151.3,GUJARAT REGION,1996,0,151.3,0
1068.9,3.3,358,0.9,0,0.7,241.9,355.3,0.7,1051.3,0.2,3.6,7.1,0.9,1,8.1,9.8,96.1,GUJARAT REGION,1997,0,96.1,0.8
1070,0,196.1,0,0.1,0,312.2,111.5,0.1,966.7,0,0,0,4.4,1,98.8,103.2,346.9,GUJARAT REGION,1998,0.1,346.9,0
568.4,0,55.1,0,2,0,219.4,158,2,489.6,0,7.4,7.4,0,1,69.5,69.5,57.2,GUJARAT REGION,1999,2,57.1,0
550.6,0,133,3.6,0.1,0,301.1,62.9,0.1,510.6,0,36.1,36.1,0,1,0.2,3.9,13.5,GUJARAT REGION,2000,0.1,13.6,3.7
849,0.2,256.8,0,0,6.1,320,216.9,6.1,811.5,0,2.1,2.3,0.2,1,28.9,29,17.8,GUJARAT REGION,2001,0,17.8,-0.1
637.2,0,238.5,0.1,0,4.1,45.8,234.2,4.1,632.2,0.1,0,0.1,0.1,1,0.6,0.8,113.7,GUJARAT REGION,2002,0,113.7,0.1
1160.3,0,314.6,0,6.1,0,518.7,209.3,6.1,1152.2,0.1,0,0.1,0,1,1.9,1.9,109.5,GUJARAT REGION,2003,6.1,109.6,0
1005.8,0,553.7,0,0,0,238.2,135.5,0,979.1,0,4.4,4.4,0,1,22.2,22.3,51.8,GUJARAT REGION,2004,0,51.7,0.1
1316.4,0,229.4,0,0,0,378.7,367.3,0,1314.7,0,0.3,0.3,0,1,1.4,1.4,339.2,GUJARAT REGION,2005,0,339.3,0
1478,0,624.8,0,0,0,576,123.5,0,1464.9,0.8,0.2,1.1,2.9,1,9.2,12.1,140.6,GUJARAT REGION,2006,0,140.6,0
1178.9,0,345.6,0,0.4,0.1,567.8,94,0.5,1176.7,0,0.3,0.3,1.4,1,0,1.4,169.4,GUJARAT REGION,2007,0.4,169.3,0
911.1,3.1,369.5,2.3,0,0,261.9,58.2,0,893.9,0,0.1,3.3,0.1,1,11.6,14,204.3,GUJARAT REGION,2008,0,204.3,2.3
641.6,0,143.5,0,0,0,390.3,17,0,605.7,0.3,0,0.3,8.1,1,27.4,35.5,54.9,GUJARAT REGION,2009,0,54.9,0
1088.7,0,431,0.2,0,0.2,328.2,59.3,0.2,1035,0,0,0,41,1,12.2,53.4,216.6,GUJARAT REGION,2010,0,216.5,0.2
890.5,0,451.7,0,0.2,0,259.2,16.3,0.2,889.8,0,0,0,0,1,0.4,0.4,162.5,GUJARAT REGION,2011,0.2,162.6,0
714,0,230.3,0,0,0.1,178.2,34.4,0.1,706.7,0,0,0,0,1,7.1,7.1,263.8,GUJARAT REGION,2012,0,263.8,0
1118.6,4.6,211.1,0,0.9,0,405.4,155.7,0.9,1059.6,0.1,0,4.7,0.1,1,53.2,53.3,287.3,GUJARAT REGION,2013,0.9,287.4,0
705.7,1,138.6,0,0.1,5.7,307.5,11.6,5.8,692.8,0.2,1.3,2.5,1.3,1,3.3,4.6,235.1,GUJARAT REGION,2014,0.1,235.1,0
622.9,5.5,37.4,0,0,1.8,354.7,120.7,1.8,606.1,6.1,0.9,12.5,0.3,1,2.2,2.6,93.4,GUJARAT REGION,2015,0,93.3,0.1
181.3,0.2,62.5,0.7,0,1.9,87.8,9.1,1.9,171.4,0.1,3.2,3.5,0,1,3.8,4.4,12,SAURASHTRA & KUTCH,1901,0,12,0.6
401.1,0.5,160,6.5,0,0.1,92.9,14.4,0.1,391.2,0,1.1,1.6,0.1,1,1.5,8.2,123.9,SAURASHTRA & KUTCH,1902,0,123.9,6.6
522.8,0,96.1,0,0,0.5,337.9,10.5,0.5,506.4,1.7,3.1,4.8,0,1,11.1,11.1,61.9,SAURASHTRA & KUTCH,1903,0,61.9,0
185.6,0,9.4,0,5.8,1.4,111.2,9.5,7.1,159,17.5,0,17.5,1.7,1,0.3,2,28.9,SAURASHTRA & KUTCH,1904,5.7,28.9,0
290,0.4,12.3,0,1,1.5,254.5,6.4,2.5,286,0.6,0,1,0,1,0.4,0.5,12.8,SAURASHTRA & KUTCH,1905,1,12.8,0.1
540.3,0,152.2,0.6,28.2,0.9,161,126,29.1,495.7,0,0,0,0,1,14.9,15.5,56.6,SAURASHTRA & KUTCH,1906,28.2,56.5,0.6
509.6,2.3,213.7,0,19.7,0,201.1,69,19.8,487.1,0,0.4,2.7,0,1,0,0,3.3,SAURASHTRA & KUTCH,1907,19.8,3.3,0
527.9,0,198.8,0,0,3.6,284.8,30.2,3.6,524.3,0,0,0,0,1,0.1,0.1,10.4,SAURASHTRA & KUTCH,1908,0,10.5,0
586.4,3.6,64.8,6.7,3.5,0.2,247.5,99.6,3.7,569.2,0,1,4.5,0,1,2.3,9,157.2,SAURASHTRA & KUTCH,1909,3.5,157.3,6.7
549.7,0.4,194.2,0,0,0.3,162.1,163.8,0.3,544.8,0,0.5,0.8,0.2,1,3.6,3.8,24.7,SAURASHTRA & KUTCH,1910,0,24.7,0
140.4,0,27.4,0.4,0,1.5,12.6,42.1,1.5,102,35.5,0.5,36.1,0.2,1,0.2,0.8,19.9,SAURASHTRA & KUTCH,1911,0,19.9,0.4
652.6,0.5,133.5,0,0,0,428.7,62.6,0,645,0.7,0.3,1.5,3.4,1,2.7,6,20.2,SAURASHTRA & KUTCH,1912,0,20.2,-0.1
751.9,0,122.6,0.1,0,0,352.8,213.1,0,750.3,0.1,0.7,0.9,0,1,0.5,0.6,61.9,SAURASHTRA & KUTCH,1913,0,61.8,0.1
577.1,0,36.5,0,9.8,0,118.1,161.3,9.8,553.9,0.4,4.9,5.2,4.1,1,4.2,8.3,238,SAURASHTRA & KUTCH,1914,9.8,238,0
245.8,7.2,12.3,0.2,1.3,1.3,99.3,34.9,2.6,176,7.9,1.3,16.4,0,1,50.6,50.8,29.5,SAURASHTRA & KUTCH,1915,1.3,29.5,0.2
495.9,0,238.9,0,0,0,105.7,21,0,463.9,0,2.7,2.7,0,1,29.3,29.3,98.3,SAURASHTRA & KUTCH,1916,0,98.3,0
886.7,1.5,209.9,0,0.2,3.4,215.2,81.4,3.7,616.1,0,57,58.5,0,1,208.5,208.5,109.6,SAURASHTRA & KUTCH,1917,0.3,109.6,0
117.6,0.6,49,0,0,0,45,9.9,0,112.4,0.6,3.8,5,0,1,0.2,0.2,8.6,SAURASHTRA & KUTCH,1918,0,8.5,0
445.1,1.1,179.6,0,0,7.5,170.4,24.9,7.5,406,0,0.9,2,11.3,1,18.2,29.6,31.2,SAURASHTRA & KUTCH,1919,0,31.1,0.1
490.1,0.2,52.4,0,4.5,12.5,145.2,237.7,17,451.8,0.3,20.7,21.2,0,1,0,0,16.5,SAURASHTRA & KUTCH,1920,4.5,16.5,0
598.1,0,79.1,0.2,0,0,317.4,8.6,0,595.2,0,0,0,0,1,2.7,2.9,190,SAURASHTRA & KUTCH,1921,0,190.1,0.2
334.9,1,31.5,2.3,0,0,127.4,40.7,0,330.3,0,0.1,1.1,0,1,1.1,3.5,130.6,SAURASHTRA & KUTCH,1922,0,130.7,2.4
205,0.5,69.8,0,11.4,0,103.7,2,11.4,189.5,0,2.7,3.2,0,1,0.8,0.8,14,SAURASHTRA & KUTCH,1923,11.4,14,0
310.7,0,78.6,0.4,0.1,0,121.3,41,0.1,303.1,0.1,6.7,6.8,0,1,0.3,0.7,62.1,SAURASHTRA & KUTCH,1924,0.1,62.2,0.4
340.6,0,29.2,0,0,0,79.9,200.5,0,317.1,0,11.7,11.7,11.8,1,0,11.8,7.6,SAURASHTRA & KUTCH,1925,0,7.5,0
901.4,2.2,212.3,0,0,6,250.4,9.9,6,869.2,0.3,22.1,24.5,0,1,1.7,1.7,396.6,SAURASHTRA & KUTCH,1926,0,396.6,0
639.5,0,47.7,5.1,8.8,0,442.1,52.5,8.8,598.1,0.1,1.9,1.9,3.5,1,22,30.6,55.8,SAURASHTRA & KUTCH,1927,8.8,55.8,5.1
426.8,0.2,91.8,0,0,0.6,203.4,4.8,0.6,388.8,0,0,0.2,10.3,1,26.9,37.1,88.9,SAURASHTRA & KUTCH,1928,0,88.8,-0.1
421.8,3.1,63.2,21.3,0,5.1,268.4,39.6,5.1,382.8,0,0.5,3.6,1.3,1,7.7,30.3,11.5,SAURASHTRA & KUTCH,1929,0,11.6,21.3
450.2,0.1,38.2,0.1,0.5,4.8,225,124.1,5.3,425.8,0,1.8,1.8,0,1,17.1,17.3,38.5,SAURASHTRA & KUTCH,1930,0.5,38.5,0.2
329.7,0.1,119.2,0,0.6,0.2,115,8.1,0.7,263.1,0,3.1,3.2,2.5,1,60.1,62.6,20.8,SAURASHTRA & KUTCH,1931,0.5,20.8,0
492.5,0,38.5,0,0,0,384.1,16.1,0,457.2,0,0.3,0.3,0,1,35,35,18.4,SAURASHTRA & KUTCH,1932,0,18.5,0
757.9,11.4,242,0.2,4.5,0,220.1,59.6,4.5,628.7,1.2,103.9,116.4,2.2,1,5.9,8.3,107,SAURASHTRA & KUTCH,1933,4.5,107,0.2
398.4,0.1,104.8,0,0,0,114.9,161.6,0,392.7,0.6,0,0.8,4,1,0.9,4.9,11.4,SAURASHTRA & KUTCH,1934,0,11.4,0
524.1,2.5,64.6,0.4,0,11.5,353,44.8,11.5,504.7,0,0,2.5,0,1,4.9,5.3,42.3,SAURASHTRA & KUTCH,1935,0,42.3,0.4
371.1,0,17.3,0.8,3.2,0,87.8,114.4,3.2,334.1,0.4,0.2,0.6,32.4,1,0,33.2,114.6,SAURASHTRA & KUTCH,1936,3.2,114.6,0.8
533.6,0,6,16.1,2.4,0,271.4,117.2,2.4,506.8,0,0,0,0,1,8.3,24.4,112.2,SAURASHTRA & KUTCH,1937,2.4,112.2,16.1
346,0,59.2,0.3,0,0,114.3,141.4,0,320.2,0,10,10,0,1,15.4,15.7,5.3,SAURASHTRA & KUTCH,1938,0,5.3,0.3
179.4,0,79.5,0,8.6,0,62.2,9,8.6,162.5,2.3,0,2.3,1.9,1,4.1,6,11.8,SAURASHTRA & KUTCH,1939,8.6,11.8,0
356.5,0.1,85.6,0,6.4,7.2,87.6,111.6,13.6,307.9,6.5,1.7,8.3,24.5,1,2.2,26.7,23.2,SAURASHTRA & KUTCH,1940,6.4,23.1,0
401.8,0.1,13.4,2,3.4,0.5,347.2,14.4,3.8,392.2,0,0.8,0.9,0,1,2.9,4.9,17.1,SAURASHTRA & KUTCH,1941,3.3,17.2,2
342.2,0,146.7,0.1,21,1,111.3,13.2,22,314.1,0,6,6,0,1,0,0.1,42.9,SAURASHTRA & KUTCH,1942,21,42.9,0.1
526.6,1.8,13.4,0,0,0.2,352.7,62.1,0.2,499.9,0,8.8,10.6,0.1,1,15.8,15.9,71.7,SAURASHTRA & KUTCH,1943,0,71.7,0
717.6,0,196.4,1.3,0,0.9,429.5,70,0.9,708.9,2.1,4,6.1,0,1,0.3,1.6,13.1,SAURASHTRA & KUTCH,1944,0,13,1.3
633.1,0.7,102.9,0,0,10,328.3,120.9,10,621.2,0,0.4,1.1,0,1,0.8,0.8,69.1,SAURASHTRA & KUTCH,1945,0,69.1,0
473.4,0.9,156.5,0.6,0.4,0,134.3,137.1,0.4,458.3,0,3.2,4.1,8.2,1,1.8,10.6,30.3,SAURASHTRA & KUTCH,1946,0.4,30.4,0.6
558.8,64.4,260.4,0,0,0,79.1,1.2,0,492.2,0,0,64.4,0,1,2.1,2.1,151.6,SAURASHTRA & KUTCH,1947,0,151.5,0
247.7,0,74.7,1.4,0,8.2,19.4,13.4,8.2,180.1,0,0.4,0.4,23.5,1,34,59,72.6,SAURASHTRA & KUTCH,1948,0,72.6,1.5
542.3,0,231.8,0,0.1,0,236.5,13.3,0.1,537.6,0,0.9,0.9,0.3,1,3.4,3.7,55.9,SAURASHTRA & KUTCH,1949,0.1,56,0
473.6,0,21,0,0,0.2,386.8,3.1,0.2,473.4,0,0,0,0,1,0,0,62.5,SAURASHTRA & KUTCH,1950,0,62.5,0
285.2,0.8,87.7,0,0,0,128.3,40,0,263,0.8,1.4,3,18.8,1,0.4,19.2,6.9,SAURASHTRA & KUTCH,1951,0,7,0
400.8,0.1,32.7,0,0.3,0,279.3,79.1,0.3,396.7,0,1.7,1.8,0.7,1,1.4,2.1,5.6,SAURASHTRA & KUTCH,1952,0.3,5.6,0
706.6,0,450.3,0,0.3,6.5,112.1,66.3,6.8,698.4,0.3,0,0.4,0,1,1,1,69.7,SAURASHTRA & KUTCH,1953,0.3,69.7,0
599.8,0,207,1.5,1.1,1.9,180.6,47.6,3,590,3.5,0.4,3.9,0.5,1,0.8,2.8,154.9,SAURASHTRA & KUTCH,1954,1.1,154.8,1.5
385.1,0,140.8,0.4,0,0,26.5,26.3,0,374.6,0.9,0.9,1.8,0,1,8.3,8.7,181,SAURASHTRA & KUTCH,1955,0,181,0.4
739.1,0.2,175.4,0.4,0.2,0.3,318.8,81.3,0.5,675.9,0,1.2,1.4,1.8,1,59,61.2,100.4,SAURASHTRA & KUTCH,1956,0.2,100.4,0.4
398.5,0.1,90.4,0.8,0,1.7,197.7,78.6,1.7,374.8,0.1,1.5,1.7,18.1,1,1.5,20.3,8,SAURASHTRA & KUTCH,1957,0,8.1,0.7
551.6,3.3,80.8,3.4,0.5,0.9,159.9,43.5,1.4,498.1,0.3,0.5,4.1,10.1,1,34.6,48,213.9,SAURASHTRA & KUTCH,1958,0.5,213.9,3.3
1020.9,2.2,69,0,0,0.9,549.1,66.5,0.9,894.7,0,1.7,4,4.6,1,116.7,121.3,210.2,SAURASHTRA & KUTCH,1959,0,210.1,0
337.2,0,42.9,0,0,0.1,132.5,122.4,0.1,330.2,0.5,5.9,6.4,0,1,0.5,0.6,32.4,SAURASHTRA & KUTCH,1960,0,32.4,0.1
752.9,0,127.2,0,7,1,294,125.9,7.9,725.9,4.8,2,6.8,0.2,1,12.1,12.3,178.8,SAURASHTRA & KUTCH,1961,6.9,178.8,0
371.8,0.7,103.2,0.2,0,0,136.9,24,0,354.4,0.7,2.8,4.1,12.7,1,0.3,13.2,90.3,SAURASHTRA & KUTCH,1962,0,90.3,0.2
379.1,1.5,123.6,0.2,0,0.5,83.1,25,0.5,297.5,1,0.5,3,32.5,1,45.4,78.1,65.8,SAURASHTRA & KUTCH,1963,0,65.8,0.2
539.5,0,184.9,0,0,0.2,168.4,105.5,0.2,537.6,0,1.6,1.6,0,1,0.1,0.1,78.8,SAURASHTRA & KUTCH,1964,0,78.8,0
421.3,0.3,112.1,0,0,5.5,285.7,1.4,5.5,413,0,0.2,0.5,2.1,1,0.2,2.3,13.7,SAURASHTRA & KUTCH,1965,0,13.8,0
326.5,0,6.8,0,0,0.2,167.3,74.7,0.2,325.4,0,0.2,0.2,0.1,1,0.7,0.8,76.5,SAURASHTRA & KUTCH,1966,0,76.6,0
738.6,0.7,61.2,25.6,0,0,467.4,106.2,0,665.8,46.2,0.2,47.1,0,1,0.1,25.8,30.8,SAURASHTRA & KUTCH,1967,0,31,25.7
314.6,0,165.2,0,1,1.1,104.9,11,2,305.3,0.9,0.6,1.5,0.6,1,5.1,5.8,24.2,SAURASHTRA & KUTCH,1968,0.9,24.2,0.1
290,0,35.5,0.2,0.2,0,176.3,44.2,0.2,282.9,0,0,0,6.4,1,0.3,6.9,26.9,SAURASHTRA & KUTCH,1969,0.2,26.9,0.2
835.8,0.2,327.5,0,0.1,0.1,215.7,70.2,0.2,809.5,0.4,7.6,8.3,0.1,1,17.7,17.8,196,SAURASHTRA & KUTCH,1970,0.1,196.1,0
513.6,0.3,134.1,0,0,0.3,176.8,147.1,0.3,510.1,0,2,2.3,0,1,0.9,0.9,52.2,SAURASHTRA & KUTCH,1971,0,52.1,0
222.1,0,24.9,0,3.4,0.1,98.8,87,3.4,217.9,0,0.3,0.3,0,1,0.4,0.4,7.2,SAURASHTRA & KUTCH,1972,3.3,7.2,0
390.3,0,78.6,0,0.1,0.8,177.2,50.8,1,381.9,0,0.5,0.5,0,1,7,7,75.3,SAURASHTRA & KUTCH,1973,0.2,75.3,0
184.7,0.2,26.1,0.4,0,0,56.4,16.1,0,144.2,0,10.3,10.5,0,1,29.6,30,45.6,SAURASHTRA & KUTCH,1974,0,45.6,0.4
682.1,0,189.3,0,0,0.7,87.5,101.2,0.7,578.1,0,0,0,0,1,103.3,103.3,200,SAURASHTRA & KUTCH,1975,0,200.1,0
625.5,0,188.2,0,0.1,1,237.8,103.7,1.1,594.5,1,0,1.1,26.6,1,2.3,28.9,64.8,SAURASHTRA & KUTCH,1976,0.1,64.8,0
564.1,0,88.6,0,0,1,198.2,161,1,546.6,0,7.7,7.7,7.8,1,0.9,8.8,98.9,SAURASHTRA & KUTCH,1977,0,98.8,0.1
488.6,2.5,170.3,0.5,0.7,0,104.2,157.4,0.7,443.1,0,0,2.5,32.1,1,9.7,42.3,11.1,SAURASHTRA & KUTCH,1978,0.7,11.2,0.5
955.4,0,634,1,3.3,0,34.7,143.5,3.3,849.1,0,0.1,0.1,89.7,1,12.2,102.8,37,SAURASHTRA & KUTCH,1979,3.3,36.9,0.9
635.8,0,58.1,7.8,0.2,0.3,231.6,321.8,0.4,626.6,0,0,0,0.9,1,0.1,8.8,15.1,SAURASHTRA & KUTCH,1980,0.1,15.1,7.8
705,0,163.8,0,0,0.7,284.5,46,0.7,583.7,0,0.7,0.8,87,1,32.8,119.8,89.5,SAURASHTRA & KUTCH,1981,0,89.4,0
401.3,0.3,114.1,0,0,0.1,136.7,5.2,0.1,272.9,0,20.5,20.8,106.7,1,0.7,107.4,16.9,SAURASHTRA & KUTCH,1982,0,16.9,0
758.4,1.3,246.3,0,0.1,0.2,211.8,210.2,0.3,736.1,0,0.5,1.7,0,1,20.3,20.3,67.8,SAURASHTRA & KUTCH,1983,0.1,67.8,0
443.7,0,153.2,0,0,0,116.7,57.7,0,443.7,0,0,0,0,1,0,0,116.1,SAURASHTRA & KUTCH,1984,0,116.1,0
298.8,0,118.6,0,0,0,103.3,12,0,251.6,0,5.1,5.1,0,1,42.1,42.1,17.7,SAURASHTRA & KUTCH,1985,0,17.7,0
298.5,0,93,0.1,0,0,30.4,167.8,0,296,0.2,2.2,2.3,0,1,0,0.1,4.8,SAURASHTRA & KUTCH,1986,0,4.8,0.1
92.7,0,33.5,3.3,0,0,18.4,31.4,0,85.5,0.4,0.1,0.5,3.2,1,0.1,6.6,2.1,SAURASHTRA & KUTCH,1987,0,2.2,3.3
752.3,1.1,110.8,0,0,0,495.8,12.7,0,750.3,0,0.1,1.1,0,1,0.8,0.8,131,SAURASHTRA & KUTCH,1988,0,131,0
498.2,0,60.6,0,0,1.8,256.6,134.5,1.8,493.1,0.2,0,0.2,0,1,3.1,3.1,41.3,SAURASHTRA & KUTCH,1989,0,41.4,0
407.9,0,259.4,1.1,2.3,0,16.9,32.9,2.3,379.3,0.4,5.9,6.3,0.1,1,18.8,20,70.1,SAURASHTRA & KUTCH,1990,2.3,70.1,1.1
218.7,0,44.2,0.3,0,0,155.6,13.3,0,218.4,0,0,0,0,1,0,0.3,5.4,SAURASHTRA & KUTCH,1991,0,5.3,0.3
600.7,0,111.9,0,0.2,1.8,343.2,45.1,2,588.9,0,0.1,0.1,0.2,1,9.5,9.7,88.7,SAURASHTRA & KUTCH,1992,0.2,88.7,0
312.7,0,4,2.5,4.8,1.5,140.6,41.4,6.4,256.2,0,0,0,17.2,1,30.5,50.1,70.1,SAURASHTRA & KUTCH,1993,4.9,70.2,2.4
872.8,0,137.5,0,0,1,403.1,99.4,1,871.6,0,0,0,0,1,0.2,0.2,231.6,SAURASHTRA & KUTCH,1994,0,231.6,0
374.1,0,45.4,0,0,0,259.1,3,0,350,0.2,0,0.2,0,1,23.9,23.9,42.5,SAURASHTRA & KUTCH,1995,0,42.5,0
374.4,0.1,23.9,0,0,0.4,162.1,137.1,0.4,334.9,0,0,0.2,0,1,39,39,11.8,SAURASHTRA & KUTCH,1996,0,11.8,0
600.2,0.3,95.7,0,0,0.8,137.4,189.8,0.8,593.7,0.6,3,3.9,0,1,1.9,1.9,170.7,SAURASHTRA & KUTCH,1997,0,170.8,0
566.9,0,94.4,0,0,0,149.6,109.1,0,415.2,0,0,0,1.6,1,150,151.6,62.1,SAURASHTRA & KUTCH,1998,0,62.1,0
380.7,0,17.4,0,10.5,1.3,42.3,60.6,11.8,144.2,0,131.9,131.9,0,1,92.9,92.9,23.9,SAURASHTRA & KUTCH,1999,10.5,23.9,0
286.1,0,46.2,0.1,0,0,224.7,5.4,0,280.9,0,2.9,2.9,0,1,2.2,2.3,4.5,SAURASHTRA & KUTCH,2000,0,4.6,0.1
510.2,0.2,116.9,0,0,0,191.1,172.9,0,501.5,0,0.9,1,0,1,7.6,7.6,20.6,SAURASHTRA & KUTCH,2001,0,20.6,0
308.1,0,117.5,0.6,0,0,8,166.4,0,307,0,0,0,0.2,1,0.2,1,15.1,SAURASHTRA & KUTCH,2002,0,15.1,0.6
686.2,0,190.7,0,0.4,0,402.2,68.2,0.4,682.7,0,0,0,0,1,3,3,21.7,SAURASHTRA & KUTCH,2003,0.4,21.6,0
482.2,0,227.7,0,0,0.2,90,95,0.2,448.6,0,13.6,13.6,0,1,19.7,19.8,36.1,SAURASHTRA & KUTCH,2004,0,35.9,0.1
631.6,0.2,68.4,0,0,0,126.7,201.2,0,629.4,0,0.2,0.4,0,1,1.7,1.7,233.1,SAURASHTRA & KUTCH,2005,0,233.1,0
701.8,0,189.8,0.6,0,0,373.4,66.2,0,697.7,1.9,0,1.9,0.3,1,1.4,2.3,68.2,SAURASHTRA & KUTCH,2006,0,68.3,0.6
890.7,0,405.4,0,1.9,0,209.2,114.1,1.9,885.7,0.1,0.2,0.3,1.2,1,1.7,2.8,157,SAURASHTRA & KUTCH,2007,1.9,157,-0.1
607.9,0.5,115.1,7.7,0.1,0.1,150.3,96,0.2,593,0.1,0,0.6,0.6,1,5.8,14.1,231.6,SAURASHTRA & KUTCH,2008,0.1,231.6,7.7
596.9,0,106,0,0,0,409.1,68.1,0,592,0,0,0.1,1.5,1,3.3,4.9,8.8,SAURASHTRA & KUTCH,2009,0,8.8,0.1
1119.9,0,391.3,0,0,0.1,393.8,71.1,0.1,1043.7,0,0.1,0.1,64.3,1,11.6,75.9,187.6,SAURASHTRA & KUTCH,2010,0,187.5,0
742.5,0,290.9,0,1.4,0,212.7,26,1.4,739.8,0,0,0,0.1,1,1.2,1.3,210.1,SAURASHTRA & KUTCH,2011,1.4,210.2,0
323.8,0.2,34.5,1,0,0,34.7,22.4,0,320.1,0,0.1,0.2,0,1,2.4,3.4,228.5,SAURASHTRA & KUTCH,2012,0,228.5,1
681.8,8.5,83.3,0,0.2,1.7,171.2,127.7,1.9,642.5,0.1,0.1,8.7,0,1,28.6,28.6,260.2,SAURASHTRA & KUTCH,2013,0.2,260.3,0
383.9,0.5,118.8,0,0,0.3,137.7,17.3,0.3,373,0.1,2.1,2.7,2.7,1,5.2,7.8,99.2,SAURASHTRA & KUTCH,2014,0,99.2,-0.1
441.7,2.1,10.6,0,0,0.9,226.7,112.6,0.9,429.8,4.4,0.8,7.4,0.3,1,3.3,3.6,79.9,SAURASHTRA & KUTCH,2015,0,79.9,0
2792.9,35.7,748,0.1,0.1,5.6,1075.5,746.1,5.7,2687,0.4,19.9,56,5.4,1,38.6,44.1,117.4,KONKAN & GOA,1901,0.1,117.4,0.1
2673.9,0.4,515.1,48,0,0.3,943.6,428.2,0.3,2500.6,0,7.6,8,42.7,1,74.3,165,613.8,KONKAN & GOA,1902,0,613.7,48
3084.3,0,673.9,1.7,0,0,1298.6,470.5,0,2728.2,0.1,201.1,201.2,12.4,1,140.8,154.9,285.1,KONKAN & GOA,1903,0,285.2,1.7
2393.7,6.3,321.3,0,0.1,0,771.7,975.8,0.1,2285.8,6.6,4.6,17.5,0,1,90.3,90.3,217,KONKAN & GOA,1904,0.1,217,0
1682.8,0.4,305.5,0,0.1,0.1,770.6,293.7,0.2,1578.1,0,8.6,9,12.1,1,83.5,95.5,208.3,KONKAN & GOA,1905,0.1,208.3,-0.1
2418.9,0,506.7,0.7,0.9,5,1090.9,547.4,5.9,2367.5,0,2.9,2.9,10.2,1,31.6,42.6,222.5,KONKAN & GOA,1906,0.9,222.5,0.8
2766.6,20.1,811.5,0.9,1,1.7,1170.9,583.1,2.8,2729.5,0,0,20.1,1.9,1,11.4,14.2,164,KONKAN & GOA,1907,1.1,164,0.9
2735.5,2.3,649.8,0,1.1,0.9,1391.8,440,2,2704,0,1,3.3,1.6,1,24.6,26.2,222.4,KONKAN & GOA,1908,1.1,222.4,0
2860.5,0.3,381.5,0.1,0,0.1,1301.8,759.5,0.1,2827.2,0.1,7.8,8.2,7.4,1,17.5,25,384.4,KONKAN & GOA,1909,0,384.4,0.1
2544,0,763.2,0,0,0,407.8,832.4,0,2378,0.3,2.6,2.9,41.7,1,121.4,163.1,374.6,KONKAN & GOA,1910,0,374.6,0
2134.7,0,750.3,3.6,0,0.2,585.6,543.6,0.2,2055,3.2,17.1,20.4,21.4,1,34.2,59.1,175.5,KONKAN & GOA,1911,0,175.5,3.5
2793.3,4.1,541.7,0,0,0,1242.9,671,0,2590.8,0,28.9,33,97.5,1,71.9,169.5,135.2,KONKAN & GOA,1912,0,135.2,0.1
2617.4,1.3,321.8,0,0,0,1074.3,897.9,0,2488.4,0,18.7,20,1.6,1,107.5,109.1,194.4,KONKAN & GOA,1913,0,194.4,0
3464.6,0.8,797.6,3.6,0.8,0,1370.3,706.9,0.8,3424.7,0,1.6,2.5,11.2,1,21.9,36.6,549.9,KONKAN & GOA,1914,0.8,549.9,3.5
2525.8,10.2,355.1,0.3,4.7,0,734.4,845.1,4.8,2346.7,5.9,7.7,23.8,12.8,1,137.4,150.5,412.2,KONKAN & GOA,1915,4.8,412.1,0.3
3402.6,2.4,851.1,0,0,0,765.6,832.7,0,3069.5,0,39.9,42.3,86.1,1,204.7,290.8,620.1,KONKAN & GOA,1916,0,620.1,0
3430.9,0.3,902.5,0,18.4,0,675.1,807.6,18.4,2952.9,1.2,17.5,19,32.6,1,408,440.6,567.7,KONKAN & GOA,1917,18.4,567.7,0
1867.3,0.1,578.1,0,0,0.1,424.7,334.1,0.1,1460.4,3.3,345.4,348.8,52,1,5.8,57.9,123.6,KONKAN & GOA,1918,0,123.5,0.1
2851.7,0,643.5,10.5,0,2.5,1120.2,643.6,2.5,2684,0,9.6,9.6,20.6,1,124.5,155.6,276.8,KONKAN & GOA,1919,0,276.7,10.5
1924.1,12,360.8,0,1.2,14,824,424.9,15.3,1836.4,0,5.1,17.2,2.9,1,52.4,55.3,226.7,KONKAN & GOA,1920,1.3,226.7,0
2899.2,4.8,611.8,0,0,0.3,1102.5,658.1,0.3,2822.7,0.1,0,5,13.7,1,57.5,71.2,450.4,KONKAN & GOA,1921,0,450.3,0
2817.5,6.3,339.3,1.2,0,0,1290.6,774.3,0,2665.3,0,13.4,19.7,90,1,41.4,132.5,261.1,KONKAN & GOA,1922,0,261.1,1.1
2770.5,1.3,480.7,0,0.5,0,1643.9,259.4,0.5,2747.7,4.7,7.8,13.8,0.1,1,8.3,8.4,363.7,KONKAN & GOA,1923,0.5,363.7,0
2444.3,0.1,641.7,0,0,0,932.2,522.5,0,2420.9,0.1,0.4,0.6,3.8,1,19,22.8,324.4,KONKAN & GOA,1924,0,324.5,0
2305.1,5.2,501.5,0,0,0.1,655.5,800.9,0.1,2078.3,7.4,121,133.6,18.6,1,74.6,93.2,120.4,KONKAN & GOA,1925,0,120.4,0
3165.9,0,1149.6,0,0,31.8,1203.6,306.1,31.8,3092.3,0,1.5,1.5,1.1,1,39.2,40.3,432.9,KONKAN & GOA,1926,0,433,0
2747,0,416.6,1.6,0.2,0,1030.3,785.6,0.2,2473.4,0.2,5.5,5.7,87.3,1,178.8,267.6,240.9,KONKAN & GOA,1927,0.2,240.9,1.5
3172.4,3.1,939.9,0.4,1.3,0,1159.4,657,1.3,3020.8,0.2,1.1,4.4,7.7,1,137.9,145.9,264.5,KONKAN & GOA,1928,1.3,264.5,0.3
2509.4,14.9,516,12.1,0,1,767.6,773.8,1,2308.3,3.2,6.2,24.3,11.2,1,152.4,175.8,250.9,KONKAN & GOA,1929,0,250.9,12.2
2845.7,0.3,427.3,0.6,0.2,0,690.5,1024.9,0.2,2685.3,0.1,12.5,12.8,10.6,1,136.2,147.4,542.6,KONKAN & GOA,1930,0.2,542.6,0.6
3999.3,1.7,944.9,21.2,0,0,1867.2,344.9,0,3464.2,0.1,1.8,3.6,51.5,1,458.9,531.5,307.1,KONKAN & GOA,1931,0,307.2,21.1
2962.9,2.9,485.6,8.2,0,0.5,1248.1,435.3,0.5,2625.2,0,45.9,48.7,21.1,1,259.1,288.5,456.2,KONKAN & GOA,1932,0,456.2,8.3
3343.4,15.3,758.6,28.4,0.1,0,909,816.5,0.1,2969.8,1.6,129.2,146.2,19.2,1,179.7,227.3,485.8,KONKAN & GOA,1933,0.1,485.7,28.4
3272.3,2.7,870.7,0.5,0,0.7,893,1060.2,0.7,3153.5,0.3,0.7,3.7,53.5,1,60.3,114.4,329.7,KONKAN & GOA,1934,0,329.6,0.6
2542.7,0,466.5,0.6,0.1,0.2,879.9,700.3,0.3,2466.4,0,0,0.1,11,1,64.3,75.9,419.7,KONKAN & GOA,1935,0.1,419.7,0.6
2783.4,0.3,534.9,1.3,0,0,712.9,993.2,0,2617.2,0.1,23.2,23.7,79.1,1,62.1,142.5,376.2,KONKAN & GOA,1936,0,376.2,1.3
3192,53.5,270.1,0.7,4,0,1492.9,826.9,4,2968,0.1,2.4,56,4,1,159.2,163.9,378.1,KONKAN & GOA,1937,4,378.1,0.7
3495.5,2.1,634.8,0.1,0.4,0,908.2,1118.1,0.4,3006.7,4,55.2,61.3,27,1,400,427.1,345.6,KONKAN & GOA,1938,0.4,345.6,0.1
2758.6,5.8,817.1,0,0,0.2,1116.8,509.6,0.2,2671.4,0.4,0.1,6.3,22.7,1,58,80.8,227.9,KONKAN & GOA,1939,0,227.9,0.1
3313.7,1.9,987.1,0.6,6.1,4.8,1105.9,668.3,10.8,3090.2,2.8,7.9,12.6,26.7,1,172.7,200,328.9,KONKAN & GOA,1940,6,328.9,0.6
1889.6,1,282,7.3,0.2,17.1,718,602.7,17.3,1797.3,0.1,5.1,6.2,0.2,1,61.4,68.8,194.6,KONKAN & GOA,1941,0.2,194.6,7.2
3279.5,3.3,536.7,12.4,0,0,1386.3,987.6,0,3222.7,0,2.6,5.9,1.4,1,37.1,51,312,KONKAN & GOA,1942,0,312.1,12.5
3251.3,0,281.8,0,0,3.6,1313.1,788,3.6,2851.3,0.1,200,200.1,27.8,1,168.4,196.2,468.4,KONKAN & GOA,1943,0,468.4,0
2952.1,0,658.6,0,0,0.1,1456,542.5,0.1,2742.7,0.7,17.5,18.2,14.1,1,177,191.1,85.7,KONKAN & GOA,1944,0,85.6,0
3244.5,0.9,709.4,0,0,8.8,1394.2,733.2,8.8,3185.2,0,1.1,2,3.6,1,44.9,48.5,348.4,KONKAN & GOA,1945,0,348.4,0
3358.9,14.4,878.9,10.4,0,0,1085.7,787.9,0,3086.5,0,30,44.4,170.4,1,47.3,228,334,KONKAN & GOA,1946,0,334,10.3
3090.1,67.3,919.2,2.9,0,4.9,1133.9,398.3,4.9,2948.8,5.8,7.5,80.6,2,1,50.8,55.8,497.5,KONKAN & GOA,1947,0,497.4,3
3119.8,2.3,797.3,0,0,10.5,1080.4,599.3,10.5,2853.6,0.2,7.2,9.8,168.1,1,77.7,245.9,376.6,KONKAN & GOA,1948,0,376.6,0.1
3213.7,1.3,594.7,0,0,0.2,1147.3,442.2,0.2,2966.4,0.1,128.9,130.3,8.4,1,108.3,116.7,782.3,KONKAN & GOA,1949,0,782.2,0
2929.2,0.2,302.6,0,0,0,1336.1,364.1,0,2780.3,0.2,21.3,21.7,8.1,1,119.1,127.1,777.5,KONKAN & GOA,1950,0,777.5,-0.1
2849.4,9.8,507.6,0,0,0,1114.7,730.4,0,2481.7,2.5,22.7,35.1,36.3,1,296.3,332.6,129,KONKAN & GOA,1951,0,129,0
2522,2.8,512.3,1.8,0,0,1013.1,729.4,0,2342.3,0,23.5,26.3,0,1,151.5,153.4,87.5,KONKAN & GOA,1952,0,87.5,1.9
3327.8,15.4,713.3,0,0,0,1321.9,910.3,0,3156,0,0,15.4,0.2,1,156.1,156.3,210.5,KONKAN & GOA,1953,0,210.5,0
3790.3,7.2,912.8,8.6,2.4,0,1470.8,581.5,2.4,3715.7,3.5,3.9,14.6,0.1,1,48.9,57.5,750.7,KONKAN & GOA,1954,2.4,750.6,8.5
3897.5,11.6,1299.8,0,0,0.2,995.9,779.2,0.2,3537.9,2.2,34.2,48,14.2,1,297.1,311.3,463,KONKAN & GOA,1955,0,463,0
3663.7,5.8,700.8,0,0.3,0,1325.8,780.2,0.3,3240.2,0,176.4,182.2,46,1,195,241,433.4,KONKAN & GOA,1956,0.3,433.4,0
3123.5,1.7,1051.7,0.6,0,0,1175,593.8,0,2951.1,0,30.6,32.3,52.9,1,86.6,140.1,130.6,KONKAN & GOA,1957,0,130.6,0.6
4000.2,9,1177.9,0.2,0.1,0.2,1280.2,1044.5,0.3,3886.3,0.2,34.8,44,14.7,1,54.8,69.7,383.7,KONKAN & GOA,1958,0.1,383.7,0.2
3588.6,6,690.9,0.3,0,0,1357.1,750.1,0,3319.9,0,36.2,42.2,24.8,1,201.4,226.5,521.8,KONKAN & GOA,1959,0,521.8,0.3
3027.7,1.1,501.8,0.5,0,0,1140.9,920.1,0,2847.8,0,81,82.1,15.3,1,82,97.7,285.1,KONKAN & GOA,1960,0,285,0.4
3921,2.3,712.6,0,5.2,0,1543.3,738,5.2,3480.1,0,182.2,184.5,2.4,1,248.9,251.3,486.1,KONKAN & GOA,1961,5.2,486.2,0
3485.1,0.7,880.4,96.2,0,0.2,1355.1,435.5,0.2,3196.8,0.1,129.5,130.3,12.8,1,48.8,157.9,525.9,KONKAN & GOA,1962,0,525.8,96.3
3606.8,1.1,1414.7,0,0.1,0,1178.8,594.5,0.1,3494.3,0.1,7.6,8.8,11.7,1,91.9,103.6,306.3,KONKAN & GOA,1963,0.1,306.3,0
3192.7,0.9,1031.8,0.4,0,0,908.3,690.3,0,3009.4,0,5.2,6.1,18.9,1,158,177.3,378.9,KONKAN & GOA,1964,0,379,0.4
3071.5,5.7,608.8,83.7,0,3.4,1393.7,817.6,3.4,2967.6,0,0.1,5.8,2.2,1,8.9,94.8,147.5,KONKAN & GOA,1965,0,147.5,83.7
2427.5,0.2,224.1,1.1,0,0,1168.8,370,0,2206.4,0,64.7,64.8,111.3,1,43.9,156.3,443.5,KONKAN & GOA,1966,0,443.5,1.1
2752.3,0.8,416.9,14,0,0,1109.2,768.9,0,2612,7.7,7.5,16,0.7,1,109.6,124.2,317.1,KONKAN & GOA,1967,0,317,13.9
2359.4,6,318.7,0,0.3,0,1134.7,556.9,0.3,2212.4,0.1,1.5,7.6,8.6,1,130.4,139,202.1,KONKAN & GOA,1968,0.3,202.1,0
3127.4,1.1,527.1,0.9,0,0,1282.2,666.5,0,3061.8,0,2.4,3.5,23.2,1,37.9,62.1,586,KONKAN & GOA,1969,0,586,1
3596.6,1.5,1164.8,0.2,0,0,993.8,963.3,0,3434.6,0,74.5,76,0,1,85.8,86,312.7,KONKAN & GOA,1970,0,312.7,0.2
2754,0.3,602,0,0,0,650.8,1011.9,0,2627.2,0,85.1,85.4,0.9,1,40.4,41.3,362.6,KONKAN & GOA,1971,0,362.5,0
1873,0.6,293.9,0,0.1,0,731.6,662,0.1,1826.2,0,10.7,11.3,26.8,1,8.5,35.4,138.8,KONKAN & GOA,1972,0.1,138.7,0.1
2836.3,0,910.6,0.2,0.4,0,922.1,455.9,0.4,2726.1,0,3.1,3.2,2.9,1,103.6,106.7,437.4,KONKAN & GOA,1973,0.4,437.5,0.2
3086.7,6.8,774.4,0,0,0.7,1133,508.2,0.7,2766.7,0,73.9,80.7,0,1,238.6,238.6,351.1,KONKAN & GOA,1974,0,351.1,0
3515.4,1,848,0,0.1,0,1027,856.9,0.1,3287.8,0,13.6,14.6,20.2,1,192.7,212.9,556,KONKAN & GOA,1975,0.1,555.9,0
3063,0.4,690.1,0,0,0,1279.2,635.1,0,2965.1,1.6,4.5,6.6,71,1,20.3,91.3,360.7,KONKAN & GOA,1976,0,360.7,0
3103.3,1.3,580.5,0.2,0,0,1384.6,583,0,2935,0.8,10.3,12.3,78.8,1,77,156,386.9,KONKAN & GOA,1977,0,386.9,0.2
2885.6,8.3,575.4,2.8,0,0,907.2,946.2,0,2671.8,0,86.6,95,48.8,1,67.2,118.8,243,KONKAN & GOA,1978,0,243,2.8
2509.2,0,687.2,0,0.7,0,797.2,653.1,0.7,2404,0.1,0.3,0.4,77.3,1,26.8,104.1,266.5,KONKAN & GOA,1979,0.7,266.5,0
2724.3,3.5,851.8,25.2,0,0,749.9,877.7,0,2645.8,0,2.9,6.4,26.1,1,20.7,72.1,166.4,KONKAN & GOA,1980,0,166.4,25.3
3124.7,0.1,708.6,0.1,0,0.6,1073,773.9,0.6,3036.1,0,4.2,4.3,24.5,1,59.1,83.7,480.6,KONKAN & GOA,1981,0,480.6,0.1
2698.9,0,810.8,0,0,0,987.1,558.4,0,2572.6,0,14.5,14.5,69.6,1,42.1,111.7,216.3,KONKAN & GOA,1982,0,216.3,0
3814.5,0.3,1331.2,3.2,0,0,1073.2,655.3,0,3698.6,0,0.4,0.7,9.7,1,102.4,115.2,638.8,KONKAN & GOA,1983,0,638.9,3.1
2583.6,0.9,421.4,0.3,0.2,0,1090.5,728,0.2,2460.4,0.1,0.3,1.2,2.9,1,118.7,121.8,220.5,KONKAN & GOA,1984,0.2,220.5,0.2
2968.5,0.4,663.1,0,0,0,921.3,1000,0,2737.5,0,23.3,23.7,2.5,1,204.8,207.3,153.1,KONKAN & GOA,1985,0,153.1,0
2127.7,0.1,670.9,1,0,0,543.2,777.2,0,2056.3,0,1,1.1,53.6,1,15.6,70.3,65,KONKAN & GOA,1986,0,65,1.1
2635,0.6,835.6,9.3,0,0,832.2,612,0,2429.1,0,9,9.6,20.2,1,166.8,196.3,149.3,KONKAN & GOA,1987,0,149.3,9.3
3293,4.3,664.4,0,0,0,1432.1,506.1,0,3220.6,0,1.3,5.6,0,1,66.9,66.9,617.9,KONKAN & GOA,1988,0,618,0
2771.5,1,704.9,0,0,0,943,733.1,0,2681.5,0.6,4,5.6,3.6,1,80.7,84.4,300.5,KONKAN & GOA,1989,0,300.5,0.1
3568,0,1164.2,0,0,0,873.7,802.1,0,3163.2,0.1,193.9,194,20.8,1,190,210.8,323.2,KONKAN & GOA,1990,0,323.2,0
2954.6,6.4,598.8,0.3,0,0,1461.4,759.2,0,2912.1,0,14.7,21.2,0.8,1,20.3,21.4,92.7,KONKAN & GOA,1991,0,92.7,0.3
2840.4,0,1093.1,0,0,0,822.9,493,0,2752.4,0,6.2,6.2,2.8,1,79,81.8,343.4,KONKAN & GOA,1992,0,343.4,0
3480.9,0.1,648.7,4,0,0,1394.1,587.7,0,3227.8,0.6,11.4,12.1,9.4,1,227.6,241,597.2,KONKAN & GOA,1993,0,597.3,4
3179.8,12.5,654.4,0,0,1.3,1168.5,784.8,1.3,3014.1,0,11.7,24.2,2.2,1,137.9,140.1,406.5,KONKAN & GOA,1994,0,406.4,0
2766,3.3,606.5,0,0,3.5,1171.2,345.9,3.5,2543,0,15.3,18.6,4.4,1,196.5,200.9,419.5,KONKAN & GOA,1995,0,419.4,0
2920.7,0.6,594.6,0.9,0,0.1,1232,535.7,0.1,2670.8,0,1.4,1.9,1.2,1,245.9,248,308.4,KONKAN & GOA,1996,0,308.5,0.9
3027.2,1.8,847.6,59.6,0,2.6,1072.6,757.9,2.6,2893.4,0.8,0.2,2.8,47.1,1,21.8,128.5,215.2,KONKAN & GOA,1997,0,215.3,59.6
3234.7,0,758.3,0.1,0,0,909.1,671.3,0,2900.6,0,9.7,9.7,44.3,1,280,324.4,561.8,KONKAN & GOA,1998,0,561.9,0.1
2912.1,0,283.7,0,0,0,1105.1,978.7,0,2664.5,0,67.1,67.1,0.7,1,179.7,180.4,297.1,KONKAN & GOA,1999,0,297,0
3133.2,0.9,789.5,6.2,0,1.2,1200.4,739.4,1.2,2841.2,0,190.3,191.2,1.6,1,91.8,99.7,111.9,KONKAN & GOA,2000,0,111.9,6.3
2395.4,2.8,611.3,0,0,5.6,873.4,540.1,5.6,2232.7,0,59.6,62.4,3.1,1,91.6,94.7,207.9,KONKAN & GOA,2001,0,207.9,0
2537.2,2.8,834.5,0.3,0,0,452.8,942,0,2446.4,0.1,9.4,12.3,3,1,75.3,78.6,217.1,KONKAN & GOA,2002,0,217.1,0.3
2842.3,1.2,593.7,0,0.6,0.5,1013.9,865.3,1.2,2771.6,0.8,11.2,13.2,1.9,1,54.4,56.3,298.7,KONKAN & GOA,2003,0.7,298.7,0
2985.9,10.4,1011.5,0,0,0,902.3,678.6,0,2885.5,0,46.9,57.2,10.2,1,32.9,43.1,293.3,KONKAN & GOA,2004,0,293.1,0
3615.7,4,772.2,0.1,0.1,1.3,1340.9,730.2,1.4,3522.2,1.9,9.8,15.6,0,1,76.5,76.6,678.8,KONKAN & GOA,2005,0.1,678.9,0.1
3482.2,0,886.4,0,0,0,1066.2,683.1,0,3035.6,9.9,211.8,221.7,22.5,1,202.4,224.9,399.9,KONKAN & GOA,2006,0,399.9,0
3468.5,3.3,980.2,0.1,0,0,841.3,939.3,0,3369.9,0.1,33.4,36.9,16,1,45.6,61.7,609,KONKAN & GOA,2007,0,609.1,0.1
3053.1,0.3,833.1,2.4,0.1,0,766.6,798.5,0.1,2949.3,31.5,11.1,43,0.9,1,57.3,60.6,551.2,KONKAN & GOA,2008,0.1,551.1,2.4
2716.6,0.1,292.9,0,0,0,1271.2,330.6,0,2282.2,0.3,5.6,5.9,121,1,307.4,428.5,387.5,KONKAN & GOA,2009,0,387.5,0.1
3778.1,1.5,850,1.4,0,2.7,1405.3,680.8,2.7,3467.4,0,8.2,9.7,106.7,1,190.2,298.3,531.3,KONKAN & GOA,2010,0,531.3,1.4
3825.2,3.4,987.9,0,0,0,1384.1,857,0,3697.3,0,1.1,4.5,3.1,1,120.3,123.5,468.3,KONKAN & GOA,2011,0,468.3,0.1
3018.4,0.6,762.5,0,0,0,928.5,633,0,2839.3,0,1.1,1.7,2.3,1,175.1,177.4,515.3,KONKAN & GOA,2012,0,515.3,0
3524,0.1,497.6,1.5,5.4,1.8,1478.5,1028.3,7.3,3345.2,0.1,18.5,18.7,2.1,1,149.3,152.8,340.7,KONKAN & GOA,2013,5.5,340.8,1.4
2757.5,0.7,658,11.7,5.3,1.3,1293.2,238.2,6.6,2608.8,1.8,21.3,23.8,8,1,98.7,118.4,419.5,KONKAN & GOA,2014,5.3,419.4,11.7
2082,3.6,377.3,0,0,2.7,526.5,764,2.7,1908.7,36.8,11.3,51.7,27.3,1,91.4,118.8,240.9,KONKAN & GOA,2015,0,240.9,0.1
769,36.6,194.1,0.5,0.6,18.8,215.9,107.7,19.4,601.4,7.7,30.4,74.7,4.4,1,68.7,73.5,83.7,MADHYA MAHARASHTRA,1901,0.6,83.7,0.4
784,5,114.5,62.9,0,7.8,210.9,102.6,7.8,597.5,0.1,9.8,14.9,40.5,1,60.4,163.8,169.5,MADHYA MAHARASHTRA,1902,0,169.5,62.9
837.9,3.2,155.5,2.2,0,7.6,281.8,86.3,7.6,665.9,0,77.2,80.4,7.6,1,74.2,84.1,142.3,MADHYA MAHARASHTRA,1903,0,142.3,2.3
603.5,3,59.5,0.4,4.7,0.4,126.5,114.6,5.1,483.6,1.7,18.7,23.4,0,1,91.1,91.4,183,MADHYA MAHARASHTRA,1904,4.7,183,0.3
537.8,2.3,79,0,1.2,0,252.8,65,1.2,449.5,0,23.6,25.9,8.3,1,52.9,61.2,52.6,MADHYA MAHARASHTRA,1905,1.2,52.7,0
744.3,0.1,205,11.1,0.8,10.5,199.3,184.8,11.3,677.8,0,9.3,9.4,15.5,1,19.1,45.8,88.8,MADHYA MAHARASHTRA,1906,0.8,88.7,11.2
815.1,54.5,267.8,0.9,3.7,0.5,262.3,118,4.2,742.3,1.5,0.6,56.6,3.6,1,7.6,12.1,94.1,MADHYA MAHARASHTRA,1907,3.7,94.2,0.9
722,6.3,169.9,0,0,0.3,263,85.1,0.3,684.6,4.7,5.8,16.8,4,1,16.3,20.3,166.6,MADHYA MAHARASHTRA,1908,0,166.6,0
755.2,1.4,101.6,4.7,0.1,1.2,247,179.6,1.3,674.4,0.7,38.5,40.6,3.1,1,31.1,38.9,146.2,MADHYA MAHARASHTRA,1909,0.1,146.2,4.7
915.2,0,228.6,0,0,0,172,204.6,0,800.9,1,13.1,14,30.2,1,70,100.3,195.7,MADHYA MAHARASHTRA,1910,0,195.7,0.1
544.3,0.2,153.2,3.8,0.1,2,137.7,136.9,2.1,457.6,2.2,12,14.3,42.9,1,23.6,70.3,29.9,MADHYA MAHARASHTRA,1911,0.1,29.8,3.8
764.9,9,150,0.3,0.4,0,307.6,88.3,0.5,580.5,0,20.9,29.9,67.7,1,86,153.9,34.7,MADHYA MAHARASHTRA,1912,0.5,34.6,0.2
732.5,8.4,86.6,5.5,0.2,0,210.8,259.9,0.2,640.1,0,34,42.4,0.6,1,43.7,49.8,82.8,MADHYA MAHARASHTRA,1913,0.2,82.8,5.5
1039,3.7,204.3,7.6,0.4,0,348.8,188.3,0.4,953,0.3,15.2,19.2,36.6,1,22.1,66.3,211.6,MADHYA MAHARASHTRA,1914,0.4,211.6,7.6
908.1,21.9,80,18,6.6,8.6,225.4,195.2,15.3,729.1,13.9,12.1,48,20.9,1,76.8,115.7,228.5,MADHYA MAHARASHTRA,1915,6.7,228.5,18
1072.4,4.9,185.9,0.1,0.2,0,257.6,144.8,0.2,805.9,0.4,55.2,60.5,69.1,1,136.8,206,217.5,MADHYA MAHARASHTRA,1916,0.2,217.6,0.1
938.2,7.7,187,0,20,0.1,120.6,174.3,20.1,687.1,4.8,15.6,28.1,33.4,1,169.5,203,205.2,MADHYA MAHARASHTRA,1917,20,205.2,0.1
438,1,112.4,7.5,0.6,5.1,68.4,51.7,5.6,287.6,2.6,90.5,94,30,1,13.3,50.8,55.1,MADHYA MAHARASHTRA,1918,0.5,55.1,7.5
879.1,2.7,153.8,1.9,0.5,3,198.9,173.5,3.5,757.9,1.2,38.2,42.2,28.4,1,45.1,75.5,231.7,MADHYA MAHARASHTRA,1919,0.5,231.7,2
600.3,9.7,94.1,0,0.2,41.5,185.9,120.7,41.7,514.5,0.1,8,17.8,0.3,1,26,26.3,113.8,MADHYA MAHARASHTRA,1920,0.2,113.8,0
734.3,9,125,0,0,1.6,291.6,105.8,1.6,651.1,0.3,1.1,10.4,23.7,1,47.5,71.2,128.7,MADHYA MAHARASHTRA,1921,0,128.7,0
805.2,16.7,79.4,1.4,2.6,18.3,218.2,161.7,20.9,556.5,0,27.4,44.1,141.1,1,41.2,183.7,97.1,MADHYA MAHARASHTRA,1922,2.6,97.2,1.4
680.9,8.7,126.5,2.3,1.7,1.9,290,30.7,3.5,616.7,32.7,10.5,51.9,0,1,6.4,8.7,169.5,MADHYA MAHARASHTRA,1923,1.6,169.5,2.3
748.2,19.7,220.6,5.3,0,2.1,173.8,80.3,2.1,660.4,2.8,4.6,27.1,3.6,1,49.7,58.6,185.8,MADHYA MAHARASHTRA,1924,0,185.7,5.3
661.8,1.5,115.2,4,0,0,152,177.7,0,539.6,3.1,38.9,43.5,40.7,1,33.9,78.6,94.7,MADHYA MAHARASHTRA,1925,0,94.7,4
787.1,0.2,258,2.2,0.6,34.3,230.6,85.9,34.9,722.2,0.1,11.2,11.5,8.3,1,8.1,18.6,147.7,MADHYA MAHARASHTRA,1926,0.6,147.7,2.2
925.2,4.6,85.4,2,1,0,318.7,184.9,1,772.7,0.9,9.3,14.9,83.3,1,51.3,136.6,183.6,MADHYA MAHARASHTRA,1927,1,183.7,2
831.7,8,159.6,14.1,10.3,0.1,217.7,143.3,10.3,729.7,3.7,0.3,12,3.1,1,62.5,79.6,209,MADHYA MAHARASHTRA,1928,10.2,209.1,14
690.4,37.1,73.7,2.2,6.4,1,168.2,155.9,7.4,549.4,2,6.4,45.5,3.4,1,82.5,88.1,151.6,MADHYA MAHARASHTRA,1929,6.4,151.6,2.2
929.1,3.2,106.5,5,0,0,233.7,178.1,0,765.3,0.7,29.8,33.6,37.7,1,87.4,130.1,247,MADHYA MAHARASHTRA,1930,0,247,5
1132.4,14,233.5,25.3,0,0,316.3,109.7,0,838.5,0.6,2.9,17.5,70.2,1,180.9,276.3,178.9,MADHYA MAHARASHTRA,1931,0,179,25.2
1045.1,22.3,221.3,4,0.5,0,351.7,67.3,0.5,803.1,8.6,27.3,58.3,30.8,1,148.4,183.2,162.8,MADHYA MAHARASHTRA,1932,0.5,162.8,4
1152.4,8.5,259.4,22.3,0.5,1.4,194.7,182.3,1.9,922.5,3.4,76.5,88.4,24,1,93.3,139.6,286.1,MADHYA MAHARASHTRA,1933,0.5,286.1,22.3
858.3,7.3,222.3,0,0,3.7,217,138.2,3.7,714.2,1.9,8,17.2,82,1,41.2,123.2,136.8,MADHYA MAHARASHTRA,1934,0,136.7,0
819,3.7,195.5,3.9,0,2.5,208.6,149.6,2.6,680.3,0,1.4,5.1,7.7,1,119.4,131,126.7,MADHYA MAHARASHTRA,1935,0.1,126.6,3.9
735.6,3.8,106.3,0.3,6.2,1.3,113.9,169.2,7.5,550.9,4.3,21.1,29.2,130.4,1,17.2,147.9,161.5,MADHYA MAHARASHTRA,1936,6.2,161.5,0.3
914.4,47.7,63.6,11,2,0,319.4,146.7,2,749.5,2,4.7,54.4,1.3,1,96.1,108.4,219.9,MADHYA MAHARASHTRA,1937,2,219.8,11
1126.3,12.2,169.4,2.3,1,0.6,286.6,239.9,1.6,887.4,23.5,50.4,86.1,7.6,1,141.3,151.2,191.5,MADHYA MAHARASHTRA,1938,1,191.5,2.3
821.9,6.3,219.9,0.8,0.2,0.2,303.9,127.6,0.5,740,4.1,1.1,11.5,27.3,1,41.8,70,88.5,MADHYA MAHARASHTRA,1939,0.3,88.6,0.9
893.2,16.5,188.7,4.2,1.8,1.3,215.9,191.3,3.1,727.9,0.5,15.8,32.8,30.1,1,95.2,129.4,132,MADHYA MAHARASHTRA,1940,1.8,132,4.1
774.3,5.4,103.7,0.4,8,28.2,338.6,96.1,36.2,681.7,1.8,4.2,11.4,0.1,1,44.5,45,143.3,MADHYA MAHARASHTRA,1941,8,143.3,0.4
941.3,6.7,191.6,36.9,2.5,0.2,364.7,213.3,2.8,863.4,0.2,10,17,1.3,1,20,58.2,93.8,MADHYA MAHARASHTRA,1942,2.6,93.8,36.9
993.2,3.5,80.9,0,0,4.1,316.4,150.5,4.1,713.9,1.5,63.4,68.4,10.6,1,196,206.7,166.2,MADHYA MAHARASHTRA,1943,0,166.1,0.1
1086,0.1,227.8,0,0.7,0.8,421.7,132.2,1.6,923.7,10.3,21.4,31.8,13.6,1,115.3,128.9,142.1,MADHYA MAHARASHTRA,1944,0.8,142,0
793.4,9.8,209,0,0,4.2,263.7,125.6,4.2,730.7,0,5.2,15,6.3,1,37.1,43.4,132.4,MADHYA MAHARASHTRA,1945,0,132.4,0
1103.6,22,255.9,15.4,2.9,0,288.5,138.4,2.9,853.1,0,34.3,56.3,152.8,1,23.1,191.3,170.3,MADHYA MAHARASHTRA,1946,2.9,170.3,15.4
905.7,31,272.8,14.6,1.4,18.7,230.6,63,20,782.7,4.4,19.6,55,10.3,1,23,48,216.2,MADHYA MAHARASHTRA,1947,1.3,216.3,14.7
1016.3,7.6,181.4,0.1,0.7,16.9,239.6,191,17.6,774.1,4.3,8.9,20.7,137.1,1,66.6,203.8,162,MADHYA MAHARASHTRA,1948,0.7,162.1,0.1
953.7,4.8,174,0,0,0,201.3,102,0,800.4,2,58.4,65.3,5.7,1,82.2,87.9,323.1,MADHYA MAHARASHTRA,1949,0,323.1,0
932.6,5.9,102.9,0.8,0.2,0,400.2,59.5,0.2,811.4,1.5,23.2,30.6,2.2,1,87.3,90.3,248.8,MADHYA MAHARASHTRA,1950,0.2,248.8,0.8
797,9.3,136.3,0,0,0.1,250.2,150.1,0.1,608.3,0.5,29.5,39.4,20.1,1,128.9,149.1,71.7,MADHYA MAHARASHTRA,1951,0,71.7,0.1
683.3,8.9,139.1,0.8,1.9,0,268.8,131.2,1.9,596.2,0,18.9,27.8,0,1,56.7,57.5,57.1,MADHYA MAHARASHTRA,1952,1.9,57.1,0.8
893.6,24.5,220.2,0,0,1.2,216.5,186.3,1.2,749.8,0.1,2,26.5,0,1,116.1,116.1,126.8,MADHYA MAHARASHTRA,1953,0,126.8,0
985.1,6,171.7,16.2,0.4,2,305.3,158.5,2.4,898.5,16,15.8,37.8,0,1,30.1,46.4,263,MADHYA MAHARASHTRA,1954,0.4,263,16.3
981,12.2,254.3,0,0,3.2,149.6,140.9,3.2,763.7,6.8,25.8,44.7,10.4,1,159,169.4,218.9,MADHYA MAHARASHTRA,1955,0,218.9,0
1233.8,11.3,252,1.1,0.2,1.5,360.5,111,1.7,889.3,1.1,91.2,103.6,90.1,1,148,239.2,165.8,MADHYA MAHARASHTRA,1956,0.2,165.8,1.1
849.8,20.9,202.2,0.1,0,0.1,196.4,177.8,0.1,675.1,4.8,36.9,62.6,26.8,1,85.1,112,98.7,MADHYA MAHARASHTRA,1957,0,98.7,0.1
1054.1,23.6,296.6,0.1,0,1.6,393.3,101.9,1.6,903.9,5.4,32.9,61.9,29.2,1,57.4,86.7,112.1,MADHYA MAHARASHTRA,1958,0,112.1,0.1
1118.9,16.8,199,0.1,0,2.4,344.3,174.7,2.4,920.7,0,39.3,56.1,54.9,1,84.7,139.7,202.7,MADHYA MAHARASHTRA,1959,0,202.7,0.1
885.9,5.1,138,0.8,0,3.6,235,146.4,3.6,748.4,3,61.3,69.5,18.8,1,44.9,64.4,229,MADHYA MAHARASHTRA,1960,0,229,0.7
1070.5,9.8,135,2.5,0.1,0.3,411.9,163.5,0.4,815.2,0.5,104.2,114.5,10,1,128,140.4,104.8,MADHYA MAHARASHTRA,1961,0.1,104.8,2.4
899,12.9,164,48.8,0.1,0.2,287.5,46.8,0.3,698.3,6.7,57.2,76.8,23,1,51.9,123.6,199.9,MADHYA MAHARASHTRA,1962,0.1,200,48.7
899.9,12,268.7,0.6,4.3,0.8,252.3,138.6,5.1,732.3,14,23.3,49.3,19.1,1,93.5,113.2,72.7,MADHYA MAHARASHTRA,1963,4.3,72.7,0.6
945.7,6.2,242.3,0.9,0,0,238.9,139.8,0,844,4.1,7,17.3,23.3,1,60,84.3,223.1,MADHYA MAHARASHTRA,1964,0,223,1
790.7,10.2,200.3,28.5,0.2,5.8,380.7,82.9,6.1,718.7,0.3,12.3,22.9,4.6,1,10,43,54.8,MADHYA MAHARASHTRA,1965,0.3,54.8,28.4
837.3,2.1,94,11.2,0.5,1.9,315,83.8,2.4,641.7,1.4,81.5,85,82.6,1,14.5,108.3,149,MADHYA MAHARASHTRA,1966,0.5,148.9,11.2
913,13.3,139,58.6,0.1,0,367.4,130.4,0.1,783.4,4.7,7.8,25.8,2.1,1,43.1,103.7,146.7,MADHYA MAHARASHTRA,1967,0.1,146.6,58.5
824,11.2,213.3,0.3,3.6,1.6,238.9,95.4,5.2,719.6,9.4,2.5,23.2,15.1,1,60.6,76,172.1,MADHYA MAHARASHTRA,1968,3.6,172,0.3
984.1,5.8,248.3,0.9,0,0.2,307.1,140.1,0.2,929.5,1.4,4,11.3,22.3,1,20.1,43.2,234,MADHYA MAHARASHTRA,1969,0,234,0.8
941.4,17.9,254.9,0,0,1,200.1,195.4,1,811.8,0.6,39.1,57.6,0,1,70.9,70.9,161.3,MADHYA MAHARASHTRA,1970,0,161.4,0
773.2,3.8,204,0,0,0,124.9,155.6,0,670.1,0.1,43.3,47.1,0,1,56,56,185.6,MADHYA MAHARASHTRA,1971,0,185.6,0
519.9,4,99.3,0.1,0.2,0,195.1,90.4,0.2,472.8,0,13.8,17.8,21.6,1,7.3,29,88.1,MADHYA MAHARASHTRA,1972,0.2,88,0.1
980.6,3.2,243.9,0.4,3,0,312,124.7,3,853.4,1.8,10.1,15.1,3.9,1,104.8,109.1,172.8,MADHYA MAHARASHTRA,1973,3,172.8,0.4
911.8,14.6,184.7,0,0.1,0,217.9,77.5,0.1,681.6,2.5,60.9,78.1,0.1,1,152,152.1,201.5,MADHYA MAHARASHTRA,1974,0.1,201.5,0
1040.7,1,223.2,0,1.1,0.4,228,165.6,1.5,859.7,0.1,15.4,16.4,4.8,1,158.3,163.1,242.8,MADHYA MAHARASHTRA,1975,1.1,242.9,0
1025.8,3.4,240.8,2.2,0,0.1,315.6,283.6,0.1,927.7,6,3.3,12.7,68.9,1,14.3,85.4,87.7,MADHYA MAHARASHTRA,1976,0,87.7,2.2
947.2,9.9,150.4,5.7,0.1,0,262.5,209,0.2,716.5,7.1,31.3,48.3,112.1,1,64.4,182.3,94.6,MADHYA MAHARASHTRA,1977,0.2,94.6,5.8
883.6,22.2,211.8,2.1,10.8,0.7,179.6,174.2,11.4,689.7,4.6,33.1,59.9,63.5,1,57,122.6,124.1,MADHYA MAHARASHTRA,1978,10.7,124.1,2.1
1026.8,1,299,0.5,1.8,3.5,194.5,129.7,5.3,873.2,5.3,7.1,13.4,88.4,1,46,134.9,249.9,MADHYA MAHARASHTRA,1979,1.8,250,0.5
939.5,16.1,286.6,16.4,0,0,197.4,279.2,0,852.5,1.5,8.6,26.1,29.8,1,14.7,60.9,89.2,MADHYA MAHARASHTRA,1980,0,89.3,16.4
929.8,6.8,188.6,6.2,0,10.5,248.9,135.9,10.5,827.1,3.7,7.7,18.2,11,1,56.8,74,253.7,MADHYA MAHARASHTRA,1981,0,253.7,6.2
751.9,6.3,186.6,0,0.2,2.1,187.7,114.6,2.3,608.4,0.2,33.8,40.3,45.8,1,55.2,101,119.5,MADHYA MAHARASHTRA,1982,0.2,119.5,0
918.8,0,259.4,2.8,1.4,0.1,218.1,125.3,1.5,865.8,0,2.8,2.9,2.5,1,43.2,48.5,263,MADHYA MAHARASHTRA,1983,1.4,263,2.8
779.9,4.6,140,1.7,11.2,0.6,260.8,109.6,11.8,643.7,3.7,0.6,8.9,4.7,1,109.1,115.5,133.2,MADHYA MAHARASHTRA,1984,11.2,133.3,1.7
656.1,9.1,145.1,0,0.2,2.6,189.5,118.7,2.8,516.8,2.3,12.3,23.8,5.4,1,107.3,112.7,63.5,MADHYA MAHARASHTRA,1985,0.2,63.5,0
644.1,2.4,157.9,14.6,2.7,1.6,126.1,200.8,4.3,585.7,0.3,8.6,11.2,19.4,1,8.9,42.8,101,MADHYA MAHARASHTRA,1986,2.7,100.9,14.5
807.6,4,226.9,34.6,3.9,1.7,166.7,130.3,5.6,587.5,2.5,36.6,43.1,38,1,98.8,171.4,63.5,MADHYA MAHARASHTRA,1987,3.9,63.6,34.6
976.6,18.8,165.7,4.9,0.1,0,314.1,111,0.1,915.6,0.1,7.6,26.5,1.9,1,27.5,34.3,324.8,MADHYA MAHARASHTRA,1988,0.1,324.8,4.9
816.6,3.3,152.1,1.7,0,0,271.9,153.5,0,759.1,16.3,11.8,31.4,1.4,1,22.9,26,181.6,MADHYA MAHARASHTRA,1989,0,181.6,1.7
1022.5,0.2,294.6,1.9,0.2,2.6,227.3,150.5,2.8,767.3,0,78.2,78.4,17.2,1,154.9,174.1,94.9,MADHYA MAHARASHTRA,1990,0.2,94.9,2
880.5,12.2,143.9,0.1,0.1,0,318.1,293.8,0.1,823,0.3,19.2,31.8,4.7,1,21,25.7,67.3,MADHYA MAHARASHTRA,1991,0.1,67.2,0
791.3,2.1,248.6,0,0,0,190.6,146.9,0,718.2,0,5.1,7.3,10.1,1,55.6,65.7,132.1,MADHYA MAHARASHTRA,1992,0,132.1,0
1019.8,5.7,162.4,34.3,0.1,0,289.2,147.6,0.1,761.9,3,11.5,20.1,10.7,1,192.8,237.7,162.6,MADHYA MAHARASHTRA,1993,0.1,162.7,34.2
1021.5,21.8,188.4,0,0.1,3.1,332.9,253.2,3.2,893.4,0.6,23.8,46.2,12.6,1,66.2,78.8,118.9,MADHYA MAHARASHTRA,1994,0.1,118.9,0
776.4,6.7,82.7,0,0.2,20,253.1,63.6,20.3,593.7,5.4,24,36,4.9,1,121.5,126.4,194.3,MADHYA MAHARASHTRA,1995,0.3,194.3,0
975.2,4.1,184.1,0.4,0,0.1,281,162.3,0.1,788.7,0.1,5.7,9.9,4.8,1,171.3,176.5,161.4,MADHYA MAHARASHTRA,1996,0,161.3,0.4
1000.9,15.3,295.5,39.6,0,3.3,239.9,180.2,3.3,807.4,2.4,6.5,24.3,68.8,1,57.7,166,91.7,MADHYA MAHARASHTRA,1997,0,91.8,39.5
1101.1,2.5,226.4,0,0,0.2,264.1,147.1,0.2,894.8,0.6,18.4,21.4,22.1,1,162.5,184.7,257.2,MADHYA MAHARASHTRA,1998,0,257.2,0.1
965.7,0.1,85.4,0,6.7,0,262.5,225.3,6.7,742.1,0,39.2,39.3,0,1,177.6,177.7,169,MADHYA MAHARASHTRA,1999,6.7,168.9,0.1
701.6,1.7,159.6,2.1,1.1,0.4,198.7,173,1.5,618.2,0.2,18.5,20.5,2.7,1,56.5,61.3,87,MADHYA MAHARASHTRA,2000,1.1,86.9,2.1
785.1,4.7,160.9,0.5,0,4.4,179.3,157.9,4.4,635.4,0.3,8.4,13.5,5.7,1,125.5,131.8,137.3,MADHYA MAHARASHTRA,2001,0,137.3,0.6
740.3,13,221.5,0,3.1,1.7,95.6,251.9,4.9,664.7,1,14.4,28.3,5.9,1,36.3,42.3,95.8,MADHYA MAHARASHTRA,2002,3.2,95.7,0.1
772.6,5.7,178.4,0.1,2.2,0.8,208.7,210.8,3,714.2,1.5,15.1,22.3,3.5,1,29.5,33.1,116.2,MADHYA MAHARASHTRA,2003,2.2,116.3,0.1
1029.5,4.7,354.1,0.1,0.1,0.1,174.2,215.9,0.2,925.5,0,49,53.7,8,1,42.1,50.2,181.2,MADHYA MAHARASHTRA,2004,0.1,181.3,0.1
1221.3,11.1,256.1,0,0.4,3.6,361.2,240.5,4,1134.2,1.6,7.8,20.5,0,1,62.7,62.7,276.4,MADHYA MAHARASHTRA,2005,0.4,276.4,0
1395.7,0.2,421.7,0,0,0,416.4,205.3,0,1260.4,7.1,42.3,49.7,25.5,1,60.1,85.6,217,MADHYA MAHARASHTRA,2006,0,217,0
1040.4,2.1,274.2,0,0.4,1.3,293.5,266.9,1.7,1023.7,0,5.5,7.6,3.9,1,3.4,7.3,189.2,MADHYA MAHARASHTRA,2007,0.4,189.1,0
916.9,0.6,257.6,0.9,0,0,157.9,107.9,0,835.9,18.1,1.1,19.9,3.7,1,56.6,61.1,312.4,MADHYA MAHARASHTRA,2008,0,312.5,0.8
941.7,0.4,148.2,4.3,1.7,0,329.8,68.9,1.7,709.4,0.8,7.7,8.9,121.3,1,96.2,221.8,162.6,MADHYA MAHARASHTRA,2009,1.7,162.5,4.3
1027.5,2.3,233.2,0.2,0.1,2.9,280.9,185.6,3,865.3,0.9,5.4,8.6,73.4,1,77.1,150.6,165.6,MADHYA MAHARASHTRA,2010,0.1,165.6,0.1
852.6,5,238.1,0,0.3,0,261.4,133.3,0.3,781.3,0.3,2.9,8.2,0,1,62.8,62.8,148.4,MADHYA MAHARASHTRA,2011,0.3,148.5,0
689.8,3,187.8,0,0,0,203,67.9,0,588.1,0,1.4,4.4,2.2,1,95.2,97.3,129.5,MADHYA MAHARASHTRA,2012,0,129.4,-0.1
962.4,5.7,147,1.3,5.3,0.1,311.8,212.4,5.3,881.5,0.8,6,12.4,4,1,57.8,63.1,210.3,MADHYA MAHARASHTRA,2013,5.2,210.3,1.3
838,7.5,240.3,13.1,6.2,3.1,277.9,44,9.3,682.6,24.4,29.8,61.7,32.8,1,38.5,84.4,120.4,MADHYA MAHARASHTRA,2014,6.2,120.4,13.1
644.5,9.6,67.2,0.1,0.8,1.4,111.7,177,2.2,502.5,41.2,24.4,75.3,16.2,1,48.3,64.5,146.6,MADHYA MAHARASHTRA,2015,0.8,146.6,0
908.7,48.5,249.8,0,3.3,15.8,184.1,193.1,19.1,700.9,32.1,26.5,107.1,0,1,81.6,81.6,74,MATATHWADA,1901,3.3,73.9,0
744.1,7.2,85.2,56.9,0,1.3,120.9,52.4,1.3,531.8,0.4,0.8,8.4,84.4,1,61.3,202.7,273.3,MATATHWADA,1902,0,273.3,57
1032.6,1.7,281.9,5.3,0.8,2.6,264.2,104.4,3.4,823.8,0,58.3,60,0.3,1,139.9,145.4,173.3,MATATHWADA,1903,0.8,173.3,5.2
690.5,0.3,57.3,0,0.9,0,118.4,79.2,0.9,593.9,12.1,7.2,19.5,0,1,76.2,76.2,339,MATATHWADA,1904,0.9,339,0
505.9,6.6,137.6,0,2,1.3,94.8,84.6,3.3,474.8,0,4.8,11.4,0.9,1,15.4,16.3,157.8,MATATHWADA,1905,2,157.8,0
770.7,0,156.9,12.4,0,19.8,254.9,220.6,19.8,714.5,0.1,0.2,0.3,3.9,1,19.8,36.1,82.1,MATATHWADA,1906,0,82.1,12.4
557.9,61.3,155.2,3.7,6.6,1,198.9,90.4,7.6,479.2,1.1,0,62.4,0,1,5,8.7,34.7,MATATHWADA,1907,6.6,34.7,3.7
682.5,2.9,176.8,0,0.8,0,124.4,100.7,0.8,663.8,13,1.6,17.5,0,1,0.4,0.4,261.9,MATATHWADA,1908,0.8,261.9,0
892.7,4.2,173.8,20.3,1.6,5.5,194.3,217.2,7.2,808.8,8.4,22.2,34.7,0.4,1,21.4,42,223.5,MATATHWADA,1909,1.7,223.5,20.2
1134.4,0,188.5,0,0,0,166.7,202.1,0,1025.3,0.9,3.1,4,45.3,1,59.7,105,467.9,MATATHWADA,1910,0,468,0
612.4,0,175,0,0,6.4,231.9,85.5,6.4,561,0,3,3,41.8,1,0.2,42,68.6,MATATHWADA,1911,0,68.6,0
488.4,6.5,145.9,0,13.7,0,177.3,62.9,13.7,420.8,0,9.5,16,15.2,1,22.8,37.9,34.6,MATATHWADA,1912,13.7,34.7,-0.1
656.5,15.1,80.1,15.9,3.4,0,245.9,173,3.4,562.6,0,38.6,53.6,0,1,21,36.9,63.7,MATATHWADA,1913,3.4,63.6,15.9
989.1,0.9,151.7,27.3,10.4,0,177.2,297,10.4,884.2,5.2,16.3,22.3,20.9,1,23.9,72.1,258.3,MATATHWADA,1914,10.4,258.3,27.3
1001.6,18.9,96.1,25.1,2.6,28,146.8,207.8,30.6,749.8,55.9,11.5,86.3,10.1,1,99.7,134.9,299.1,MATATHWADA,1915,2.6,299.1,25.1
1177.9,1.7,139.7,0,5,0,374.7,149.8,5,969.3,3,43.6,48.3,40.3,1,115,155.3,305.1,MATATHWADA,1916,5,305.1,0
1168.3,7,259.3,0,63.5,1.7,144.6,176.8,65.2,929.4,10.8,17.1,35,37.5,1,101.2,138.8,348.7,MATATHWADA,1917,63.5,348.7,0.1
486.1,0.6,78.6,20.7,0,0.7,65.9,93.5,0.7,327.9,0.2,121.4,122.2,9.8,1,4.7,35.3,89.9,MATATHWADA,1918,0,89.9,20.8
662.8,5.1,85.3,1.1,0.9,11.9,119.9,149.7,12.8,583,0.3,11.2,16.6,21.4,1,28,50.4,228,MATATHWADA,1919,0.9,228.1,1
361.2,3.1,86.1,0,0,27,50.5,60.4,27,324.8,0.3,2.1,5.6,0,1,3.8,3.8,127.7,MATATHWADA,1920,0,127.8,0
562.4,2.4,70.2,0,0,2.1,174.8,151,2.1,509.4,0,0,2.4,6.6,1,41.9,48.5,113.4,MATATHWADA,1921,0,113.4,0
836.1,2.8,39.4,1.4,1.9,54.4,119.5,220.3,56.4,585.6,0,19.3,22.2,122.7,1,47.8,171.9,206.4,MATATHWADA,1922,2,206.4,1.4
765,9.9,72,0.8,0.5,4,300.4,20.5,4.5,693,55.9,0.6,66.4,0,1,0.2,1,300.1,MATATHWADA,1923,0.5,300.1,0.8
662.7,8.1,180.7,13.4,0,3.2,130.4,49.2,3.2,560.5,7.7,0.2,16,9.8,1,59.8,83,200.2,MATATHWADA,1924,0,200.2,13.4
604.9,0,173.6,0,0,0,84.3,130.3,0,461.6,0,30.1,30.1,75.1,1,38.1,113.2,73.4,MATATHWADA,1925,0,73.4,0
715.5,1.5,254.1,1.8,0,70.4,126.3,85,70.4,613,0,17.6,19.1,11.2,1,0,13,147.6,MATATHWADA,1926,0,147.6,1.8
744.6,7.5,67,0.4,3.2,0,143.5,173,3.2,559.2,10.2,0,17.7,126.9,1,37.2,164.5,175.7,MATATHWADA,1927,3.2,175.7,0.4
825.8,2,135,1.7,28.3,0,141.7,160.5,28.3,725.4,9.5,0,11.6,0,1,58.8,60.5,288.1,MATATHWADA,1928,28.3,288.2,1.7
609.4,21.6,48.2,4.2,31.6,0,104.7,165.8,31.6,497.7,0.9,1.7,24.1,0,1,51.7,55.9,179,MATATHWADA,1929,31.6,179,4.2
640.3,13,75.7,0.3,1,0,49.6,132.2,1,538.5,1.7,4.1,18.8,17.1,1,64.6,82,281,MATATHWADA,1930,1,281,0.3
1088.6,4.4,142.8,13.1,0,0,295.1,134.5,0,814.5,3.8,7.7,15.9,70.1,1,175.1,258.2,242.1,MATATHWADA,1931,0,242.1,13
844.1,7.7,161.3,6.3,2.5,0,276.6,111.5,2.5,710.9,7.7,20.1,35.5,34.3,1,54.6,95.2,161.6,MATATHWADA,1932,2.5,161.5,6.3
1122.9,13.5,180.4,25.2,7.6,9.1,214.7,206.6,16.7,942.5,10.1,66.7,90.3,17.5,1,30.7,73.3,340.8,MATATHWADA,1933,7.6,340.8,25.1
876.6,11.9,256.8,0,0,6,248.6,95.8,6,761.2,0,1.3,13.2,79.5,1,16.8,96.3,159.9,MATATHWADA,1934,0,160,0
922.1,14,196.6,1.4,0.5,7.2,197.4,191.1,7.7,808.7,0,0.4,14.4,5.8,1,84.1,91.3,223.5,MATATHWADA,1935,0.5,223.6,1.4
727.8,10.7,119.3,6.2,26.6,0,92.2,137.5,26.6,494.1,7.8,33.3,51.8,139.9,1,9.1,155.2,145.1,MATATHWADA,1936,26.6,145.1,6.2
738.2,43.8,35.8,20.5,13.2,0,277.3,75.8,13.2,541.7,11.3,1.1,56.2,0.3,1,106.4,127.2,152.8,MATATHWADA,1937,13.2,152.8,20.5
1072.7,15.6,146.5,0.3,8.8,0,260.1,253.3,8.8,916,17.7,27.3,60.6,0.2,1,86.8,87.3,256.1,MATATHWADA,1938,8.8,256.1,0.3
580.2,9.1,188.6,1,0,0.2,163.6,98.2,0.2,524.2,3.7,0.2,13,16.5,1,25.3,42.9,73.8,MATATHWADA,1939,0,73.8,1.1
855.6,11.2,239.5,1.8,0.4,0,176.9,178.8,0.4,734.2,0,13.4,24.6,31.5,1,63.1,96.4,139,MATATHWADA,1940,0.4,139,1.8
541,0.5,150.4,0,9.3,9.4,114.9,50.2,18.7,506.1,1.1,0,1.6,0,1,14.5,14.5,190.6,MATATHWADA,1941,9.3,190.6,0
1003,6.6,311.4,72.6,24.3,0,227.2,221,24.3,884.5,0,3.9,10.5,0,1,11.1,83.7,124.9,MATATHWADA,1942,24.3,124.9,72.6
852.4,0.2,62.3,0,0.1,7.1,105.8,187.4,7.2,638.4,1.5,47.6,49.3,1,1,156.5,157.5,282.9,MATATHWADA,1943,0.1,282.9,0
759,0,116,0,12.2,0.4,230.7,85.1,12.6,598.9,32.6,5.2,37.8,15.2,1,94.5,109.7,167,MATATHWADA,1944,12.2,167.1,0
622.5,5,154.4,0,0,1.8,140.2,129.6,1.8,586.2,0,0.3,5.4,1.3,1,27.7,29,161.9,MATATHWADA,1945,0,162,0
848.7,21.3,114.5,21.9,9.7,0,212.4,165.6,9.7,672.6,1.9,16.3,39.4,98.2,1,6.8,127,180.1,MATATHWADA,1946,9.7,180.1,22
854.8,11.5,276,8.6,22,28,164.5,65.7,49.9,759.4,7.7,2,21.2,2.1,1,13.6,24.2,253.3,MATATHWADA,1947,21.9,253.2,8.5
946.4,3.3,110.1,0,2.2,7.9,218.7,179.4,10.1,729.8,4.1,1.9,9.3,176.1,1,21.1,197.2,221.6,MATATHWADA,1948,2.2,221.6,0
914.2,0.7,89.8,0,0.5,2.9,189.5,188.9,3.4,837.3,0.1,35.2,36,5.2,1,32.3,37.6,369.1,MATATHWADA,1949,0.5,369.1,0.1
657.4,0.4,113.9,1.6,11.9,0,141.1,67.6,11.9,593.6,4.1,7.1,11.5,0,1,38.8,40.4,271,MATATHWADA,1950,11.9,271,1.6
731.4,10.6,101.3,0,0,0.4,271,159.5,0.4,621.1,6.2,11.2,28,3.5,1,78.4,81.9,89.3,MATATHWADA,1951,0,89.3,0
546.1,3.3,87.2,2.3,18.8,0.2,144.6,95.4,19.1,463.2,0,21.7,25.1,0,1,36.4,38.7,136.1,MATATHWADA,1952,18.9,136,2.3
891.2,15.2,160.6,0,0,0.3,217.9,200.4,0.3,786.9,0.3,0.4,15.9,0,1,88.1,88.1,208,MATATHWADA,1953,0,208,0
899.6,5.6,138.8,9.7,0,0.4,276,181,0.4,851.4,15.5,5.2,26.3,0,1,11.9,21.6,255.6,MATATHWADA,1954,0,255.6,9.7
1151.3,3.4,364.7,0,0,6.5,213.2,229.8,6.5,1016.2,2.4,12.2,18,1.2,1,109.3,110.5,208.6,MATATHWADA,1955,0,208.5,0
1037.3,4.1,134.6,0,1.9,1.2,310,154.1,3.1,801.2,0.1,78.4,82.6,79.7,1,70.7,150.4,202.5,MATATHWADA,1956,1.9,202.5,0
900.7,14.5,294.6,0,2.1,1.5,255.1,126.9,3.6,781.3,13.9,30,58.5,3.6,1,53.7,57.3,104.7,MATATHWADA,1957,2.1,104.7,0
1024.6,25.2,456.1,0,0,0.1,264.4,92.2,0.1,892.6,4.4,12.7,42.3,48.3,1,41.2,89.5,79.8,MATATHWADA,1958,0,79.9,0
950.3,9.5,200,1,0,1.5,188.3,173.6,1.5,808.3,0.1,13.2,22.8,17,1,99.8,117.7,246.3,MATATHWADA,1959,0,246.4,0.9
738.3,1,66.8,0.1,0,3.6,136.6,163.6,3.6,573.8,18.1,49.2,68.3,14,1,78.5,92.6,206.8,MATATHWADA,1960,0,206.8,0.1
959,6.7,143.4,1.8,0.1,0.9,253.7,170.8,1,664.9,5.6,35.7,48,5.2,1,238.1,245,97,MATATHWADA,1961,0.1,97,1.7
945.7,37.8,192.2,54.6,2.8,0.6,164.7,67.3,3.4,728.9,2.7,43.4,84,33.5,1,41.4,129.4,304.7,MATATHWADA,1962,2.8,304.7,54.5
1001.2,7,380.4,0,6.2,0,172.2,228.4,6.2,863.8,15.5,13.5,36.1,2.7,1,92.4,95.1,82.8,MATATHWADA,1963,6.2,82.8,0
780.6,1.5,150.7,0,0.2,0,246.5,120.3,0.2,737.5,5.1,1.3,7.9,15,1,20.1,35.1,219.9,MATATHWADA,1964,0.2,220,0
631.4,9.5,180,10.4,1.5,5.4,218.7,129.3,7,597.4,0,0.8,10.3,0.4,1,5.9,16.7,69.4,MATATHWADA,1965,1.6,69.4,10.4
747.1,10.5,85.9,13.5,0,18.9,228.6,63.1,18.9,569.2,10.4,45.8,66.7,65.9,1,13,92.3,191.6,MATATHWADA,1966,0,191.6,13.4
759.8,1,104.1,112.4,0,0,224,146,0,610.1,4,5.9,10.8,0,1,26.4,138.9,136,MATATHWADA,1967,0,136,112.5
712.4,11.3,63.6,0.3,23.8,5.8,219,94.2,29.6,587.5,32.2,0.7,44.1,26.3,1,24.5,51.1,210.6,MATATHWADA,1968,23.8,210.7,0.3
824.6,0.1,148.3,0,0,0,222.6,120.8,0,768.8,0.2,2.7,3,38.1,1,14.7,52.9,277.1,MATATHWADA,1969,0,277.1,0.1
910.9,7.5,344.9,0,0,8.4,103.9,215.1,8.4,842.1,2.8,30.2,40.6,0,1,19.9,19.9,178.1,MATATHWADA,1970,0,178.2,0
607.9,0.1,220,0,0.1,0.2,24.3,83.2,0.3,458.9,1.3,38.8,40.2,0,1,108.4,108.4,131.5,MATATHWADA,1971,0.1,131.4,0
347.1,0.1,85.3,3.8,0,0,41.9,115.1,0,307.6,0,3,3.2,28.4,1,4.2,36.3,65.3,MATATHWADA,1972,0,65.3,3.7
871.3,3.8,334.9,0,0.7,0,203.1,112.3,0.7,765.8,0,0.6,4.5,1,1,99.3,100.3,115.6,MATATHWADA,1973,0.7,115.5,0
650.6,2.9,123.2,0,0.4,0,100.7,98.4,0.4,476.8,0.4,36,39.3,0,1,134.1,134.1,154.4,MATATHWADA,1974,0.4,154.5,0
1050.9,0,231.7,0,8.3,2.1,249,117.2,10.5,907.8,7.3,11.3,18.6,0.1,1,113.9,114,309.9,MATATHWADA,1975,8.4,309.9,0
623,7.4,195.6,2.4,0.2,0,213,92.1,0.2,563.7,3.2,2.9,13.5,39.4,1,3.8,45.6,63,MATATHWADA,1976,0.2,63,2.4
767.7,4.6,149.3,6.5,1.5,0,155.4,126,1.5,547.4,6,5.4,15.9,129.9,1,66.4,202.8,116.8,MATATHWADA,1977,1.5,116.7,6.5
784.8,12,105.3,1.2,18.8,5.7,215,212.4,24.5,613.3,9.6,19.1,40.7,34.6,1,70.5,106.3,80.6,MATATHWADA,1978,18.8,80.6,1.2
807.6,1.4,132.9,0.8,11.8,3.4,163.1,125.5,15.3,658.1,5.6,18.1,25.2,90.6,1,17.7,109.1,236.5,MATATHWADA,1979,11.9,236.6,0.8
812.9,4.6,325.1,20.3,0,0.1,114.4,223,0.1,776.1,4.7,2.3,11.6,3.6,1,1.1,25.1,113.6,MATATHWADA,1980,0,113.6,20.4
786.6,1.6,127.3,18.3,0.7,27.3,122.3,100.5,28,635.1,11,12.7,25.2,11.2,1,68.7,98.2,285.1,MATATHWADA,1981,0.7,285,18.3
636.5,7.8,84.8,0,0.6,10,170.1,99.6,10.6,526.5,5.1,15.9,28.8,27,1,43.6,70.6,172,MATATHWADA,1982,0.6,172,0
1187.6,0.3,315.4,6.9,0,0,231.9,96.8,0,1066.3,0.3,6,6.6,1,1,106.8,114.6,422.3,MATATHWADA,1983,0,422.2,6.8
552.7,0.8,59.8,3.3,9.5,3.1,168.5,75.7,12.6,424.1,0.4,0,1.2,5.4,1,106.2,114.9,120.1,MATATHWADA,1984,9.5,120.1,3.3
575.4,10.5,63.9,1.5,0,7.1,148.9,160.8,7.1,455.8,6.2,7.6,24.3,0.7,1,86,88.2,82.3,MATATHWADA,1985,0,82.2,1.5
562.9,2.7,127.1,12.1,9.6,9.6,140.2,132.3,19.2,503.6,1.3,7.3,11.4,10.1,1,6.6,28.8,104,MATATHWADA,1986,9.6,104,12.1
786.2,2,220.2,10.8,3.6,7.9,132,155.1,11.5,553.4,0.8,20.9,23.7,41.1,1,145.7,197.6,46.1,MATATHWADA,1987,3.6,46.1,10.8
1170,7.2,245.4,3.5,0,0,301.6,169.7,0,1128.6,0.2,4.2,11.7,7.7,1,18.5,29.7,411.9,MATATHWADA,1988,0,411.9,3.5
1068.3,2.8,245.7,9,0,0,336.2,237.9,0,989.8,42.3,6.4,51.5,0.5,1,17.6,27.1,170,MATATHWADA,1989,0,170,9
1198.1,0,365.9,2.9,0,2.9,131,221,2.9,822.2,0,142.1,142.1,5,1,223.1,231,104.2,MATATHWADA,1990,0,104.3,2.9
601,9.8,49.7,0,0.4,0.3,222.4,250.1,0.7,560.7,0.4,9.4,19.5,10.9,1,9.1,20,38.5,MATATHWADA,1991,0.4,38.5,0
726.6,3.5,203,0,0,0,79.4,217.9,0,640.6,0,6.7,10.2,23.5,1,52.2,75.7,140.4,MATATHWADA,1992,0,140.3,0
806.3,1.7,166.2,55.1,1,0,216.3,87.5,1,591.8,5.6,9.1,16.4,5.8,1,136.3,197.2,121.8,MATATHWADA,1993,1,121.8,55.1
583.8,14.9,162.8,0,0.1,3.2,117.1,110.6,3.4,454,0,14.3,29.3,32.9,1,64.3,97.2,63.4,MATATHWADA,1994,0.2,63.5,0
809.5,11.4,96,0,0.2,46.9,186,135.5,47.1,555.4,23.6,17.6,52.6,1.2,1,153.2,154.4,137.9,MATATHWADA,1995,0.2,137.9,0
855,10.6,246.4,0.4,0,0.1,186.6,55.8,0.1,718.6,0.3,1.6,12.5,4.4,1,118.9,123.8,229.8,MATATHWADA,1996,0,229.8,0.5
790.5,14.3,121.1,54.3,1.1,7.7,131,75.8,8.8,491.3,8.3,8,30.6,98.6,1,106.8,259.8,163.4,MATATHWADA,1997,1.1,163.4,54.4
1126.7,1.7,249.9,0,0.3,0.1,255.1,189.8,0.5,930.5,3.4,8.7,13.8,31.6,1,150.3,181.9,235.8,MATATHWADA,1998,0.4,235.7,0
767.6,0,133.4,0,6,0,133.3,141.5,6,623.6,0.1,17.9,18,0,1,119.9,119.9,215.4,MATATHWADA,1999,6,215.4,0
684.4,0.4,239.5,1.7,3.8,0.4,157.3,188.3,4.2,629.9,0.5,16.3,17.2,0.7,1,30.8,33.2,44.8,MATATHWADA,2000,3.8,44.8,1.7
732.4,9.9,255.8,0,0.5,4.8,56.7,148.7,5.3,544.6,0.5,0.7,11.2,0.8,1,170.5,171.3,83.5,MATATHWADA,2001,0.5,83.4,0
722.1,6.1,223.6,0,4.1,5.5,58.2,241.8,9.6,646,0.7,8.5,15.3,4.8,1,46.4,51.3,122.4,MATATHWADA,2002,4.1,122.4,0.1
720.1,4.9,183.9,0.8,1.3,2.1,255.9,117.6,3.4,653.1,2.3,28.5,35.7,4.9,1,22.1,27.8,95.7,MATATHWADA,2003,1.3,95.7,0.8
678.7,1.9,75,0,0.4,1.2,201.7,100,1.7,553.9,5.5,30.4,37.8,27.2,1,58.1,85.3,177.2,MATATHWADA,2004,0.5,177.2,0
940.5,1.6,124.1,0,0.7,13.2,413.5,59.7,13.8,810.9,11.6,2.1,15.3,0,1,100.5,100.5,213.5,MATATHWADA,2005,0.6,213.6,0
872.9,1.6,301.3,0,0,0,116.2,134.7,0,761.5,30.7,26.7,59.1,4.6,1,47.7,52.3,209.4,MATATHWADA,2006,0,209.3,0
714.6,0.7,146.2,0,0,0,123.1,185.4,0,695.3,0.1,10,10.8,7.5,1,0.9,8.5,240.7,MATATHWADA,2007,0,240.6,0.1
646.3,3.7,150.8,0.1,0.1,0.1,106.5,66.7,0.1,591.7,14.6,1.8,20.2,0.3,1,33.8,34.2,267.8,MATATHWADA,2008,0,267.7,0.1
668.9,0.8,167.6,8.4,0,0,139.2,63.1,0,529.8,0.6,7,8.4,63.3,1,59,130.7,159.9,MATATHWADA,2009,0,159.9,8.4
1011.6,0.7,291.4,0,5.8,4.3,329.5,119.7,10,897.8,3.9,4.6,9.2,36.8,1,57.7,94.5,157.3,MATATHWADA,2010,5.7,157.2,0
663.5,3.5,228.5,0,3.8,0,230.1,79.2,3.8,627.7,0.7,3.1,7.3,0,1,24.8,24.8,90,MATATHWADA,2011,3.8,89.9,0
526.7,0.6,101.4,0,0,0,161.1,72.2,0,454.7,0,2.3,2.9,0.3,1,68.8,69.1,120,MATATHWADA,2012,0,120,0
888,7.9,136.9,13.1,9.4,1.5,293.4,160.9,10.9,745.3,2.6,6.4,16.9,7.4,1,94.3,114.8,154.1,MATATHWADA,2013,9.4,154.1,13.1
548.9,11.9,178.9,3.3,13.4,1.4,105,30.4,14.8,398.8,79,7,97.9,19.9,1,14.2,37.4,84.5,MATATHWADA,2014,13.4,84.5,3.3
532.2,39.6,112.2,0,1.6,10.1,27.4,118.3,11.7,412.4,32,12.3,83.8,4.8,1,19.5,24.3,154.3,MATATHWADA,2015,1.6,154.5,0
1093.3,26.1,368.8,0,39.9,36.8,295.3,129.7,76.6,917.2,30.9,7.3,64.3,0,1,35.2,35.2,123.4,VIDARBHA,1901,39.8,123.4,0
748.9,6.5,204.7,26.7,0.1,1.6,270.7,38,1.7,664.3,0,4.1,10.6,16.1,1,29.6,72.4,150.9,VIDARBHA,1902,0.1,150.9,26.7
1229.4,2.5,325.5,0,4,5.2,475.5,121.2,9.3,1077,0.1,37.8,40.3,2,1,100.8,102.8,154.8,VIDARBHA,1903,4.1,154.8,0
753.2,0.2,151.8,0.9,2.4,4.3,158.3,148.9,6.7,655.9,12.9,14.8,27.9,0,1,61.7,62.7,196.9,VIDARBHA,1904,2.4,196.9,1
941.8,16.2,216.3,0,12.7,7.3,254.5,81,20,873.1,12.4,14,42.6,0.2,1,6,6.2,321.3,VIDARBHA,1905,12.7,321.3,0
1191.2,0.2,325.8,18.1,3.3,12.9,350.4,328.1,16.2,1117.5,11.9,6.1,18.2,14.3,1,6.9,39.2,113.3,VIDARBHA,1906,3.3,113.2,18
1010.8,45.3,332.6,4.3,52.9,3.6,309.7,181.4,56.5,883.5,3.7,1.6,50.5,15.7,1,0.2,20.2,59.7,VIDARBHA,1907,52.9,59.8,4.3
1243.4,5.7,398.4,3.9,15.5,4.1,355.2,232,19.6,1191.4,13.5,1.5,20.7,0,1,7.8,11.8,205.9,VIDARBHA,1908,15.5,205.8,4
1061.6,31.5,176,90.6,10,1.3,405,157.1,11.3,898.3,4.8,17.9,54.1,0,1,7.3,97.9,160.3,VIDARBHA,1909,10,160.2,90.6
1294,0.1,278.7,0,0,0,297.4,289.1,0,1165.5,0,10,10,60.8,1,57.7,118.5,300.3,VIDARBHA,1910,0,300.3,0
982.8,0,292.3,0,0,18.2,205.9,218,18.2,892.3,2.2,2.6,4.9,39.9,1,27.5,67.4,176.1,VIDARBHA,1911,0,176.1,0
1014,6.1,391.9,0.5,49.3,0.6,364.5,54.2,49.9,927.5,0.2,7.2,13.5,15.6,1,6.9,23.1,117,VIDARBHA,1912,49.3,116.9,0.6
1052.6,1.8,244.3,27.4,24.9,0,378.3,199.8,24.9,959.6,4,17.2,23,0.3,1,17.4,45.1,137.2,VIDARBHA,1913,24.9,137.2,27.4
1199,39.1,245.6,13.1,13.4,0,341.2,239.5,13.4,1092.9,12.8,15.9,67.8,5.7,1,6.1,24.9,266.6,VIDARBHA,1914,13.4,266.6,13.1
1199.6,18.9,229.6,15,9.1,33.3,311,190.2,42.3,925.9,65.9,13.1,97.9,7.4,1,111,133.4,195.2,VIDARBHA,1915,9,195.1,15
1362.3,2.2,306.2,0,14.4,0,345.3,257,14.4,1161.6,0.8,21.7,24.7,37.4,1,124.1,161.5,253.1,VIDARBHA,1916,14.4,253.1,0
1396.9,11.5,200.3,0,78.5,0.9,350.1,234.9,79.4,1113.8,20.6,48.9,81,1.7,1,120.9,122.7,328.5,VIDARBHA,1917,78.5,328.5,0.1
801.4,0.2,174.5,13.2,2.9,2.5,168,278.3,5.4,676.2,3.1,83.1,86.4,16.8,1,3.4,33.4,55.5,VIDARBHA,1918,2.9,55.4,13.2
1212.6,6.3,249.8,1.1,37,55.8,280.3,325.6,92.8,959.3,15.9,19.9,42.2,19.3,1,98,118.4,103.6,VIDARBHA,1919,37,103.6,1.1
578.5,6.2,111.7,0,0.3,26.7,237.8,101.8,27,534.6,5.2,4.8,16.3,0,1,0.5,0.5,83.3,VIDARBHA,1920,0.3,83.3,0
1085.6,2.6,292,0,0.1,20.3,293,283.9,20.3,1051.2,0,0,2.6,0.2,1,11.3,11.4,182.3,VIDARBHA,1921,0,182.3,-0.1
1109.8,3.8,116.5,0.3,2.3,33.8,361.7,206.1,36.1,979.6,0,5.1,8.8,80.3,1,4.7,85.3,295.3,VIDARBHA,1922,2.3,295.3,0.3
941.3,3.4,201.1,0.7,6.7,1,402.9,21.4,7.7,885.5,30.6,2.3,36.3,0.1,1,11,11.8,260.1,VIDARBHA,1923,6.7,260.1,0.7
994.2,6.2,220.6,8.1,0.5,21.3,308.3,43.8,21.8,790,4.4,3.2,13.8,33.6,1,126.9,168.6,217.3,VIDARBHA,1924,0.5,217.3,8.1
941.1,5.4,307.2,8.4,0,0,293.9,130.3,0,808.7,7.3,28,40.7,61.5,1,21.8,91.7,77.4,VIDARBHA,1925,0,77.3,8.4
1071.1,15.1,420,0.6,5.7,59.5,330.6,31.8,65.1,892.2,23.7,34.4,73.2,1.3,1,38.7,40.5,109.9,VIDARBHA,1926,5.6,109.8,0.5
1167.4,2,220.1,5.7,10,0.7,414.7,280.2,10.7,1012.7,12.2,2.2,16.4,70.4,1,51.5,127.7,97.7,VIDARBHA,1927,10,97.7,5.8
1017.5,0.2,185.2,17.8,43.1,0.2,296.2,177.8,43.3,839.5,5.9,2.2,8.3,0.1,1,108.5,126.4,180.1,VIDARBHA,1928,43.1,180.3,17.8
912.5,11.8,157.4,29.8,52.6,3.8,263.5,170.9,56.4,784.9,0.7,0.7,13.2,0,1,28.2,58,193.1,VIDARBHA,1929,52.6,193.1,29.8
983.1,27.4,194.4,1.9,5.3,0,252.9,181.3,5.3,861.8,1.2,4.4,33,36.3,1,44.8,83,233.2,VIDARBHA,1930,5.3,233.2,1.9
1404.2,5.6,390.7,2.4,4.6,4,380.6,103.3,8.6,1107.6,11.6,3.1,20.3,40.2,1,225.1,267.7,232.9,VIDARBHA,1931,4.6,233,2.4
1130.5,3.4,176.7,0,27.4,0,526.6,154.2,27.4,1041.3,12.9,10.3,26.5,9.7,1,25.6,35.3,183.8,VIDARBHA,1932,27.4,183.8,0
1502.3,20.5,365.4,16,38.3,4.8,353.7,244.6,43.1,1265.5,9.1,64.6,94.3,8.4,1,75.1,99.5,301.7,VIDARBHA,1933,38.3,301.8,16
1218.3,8.5,390.9,0.1,0,2.2,335.1,169.1,2.2,1149.6,0.3,0.3,9.1,46.6,1,10.8,57.5,254.4,VIDARBHA,1934,0,254.5,0.1
1158,26,164.8,2.3,4.6,14.5,528.1,151.8,19,1095.1,0.7,1,27.7,0.4,1,13.4,16.2,250.4,VIDARBHA,1935,4.5,250.4,2.4
1451.2,4.8,308.3,3.5,60.3,17.6,285.3,377.5,78,1160,21.6,30.5,57,90.9,1,61.9,156.3,188.8,VIDARBHA,1936,60.4,188.9,3.5
1319.1,112.7,177.2,8.4,33.1,0,476.2,135.6,33.1,1015,42.4,1.5,156.6,0.4,1,105.7,114.4,226,VIDARBHA,1937,33.1,226,8.3
1460.9,6.5,314.1,0,12.4,4,425.6,354,16.4,1275.3,9.7,26.2,42.4,0,1,126.8,126.8,181.6,VIDARBHA,1938,12.4,181.6,0
881.9,12.2,385.4,0.4,1.9,1.3,224.2,116.1,3.3,792.3,34.2,0.1,46.5,6,1,33.5,39.9,66.5,VIDARBHA,1939,2,66.6,0.4
1357.5,12.8,298.6,13.4,9.3,0,591,262.7,9.3,1205.9,1.3,11.5,25.5,24.3,1,79,116.7,53.6,VIDARBHA,1940,9.3,53.6,13.4
828.9,3.1,182.4,0,15.2,9.6,338.8,142.3,24.7,776.3,13.5,4.8,21.4,0,1,6.5,6.5,112.8,VIDARBHA,1941,15.1,112.8,0
1341.7,12.9,366.5,21.2,84.9,2.4,508.3,179.4,87.3,1213.4,0,1.9,14.9,0,1,4.9,26.1,159.2,VIDARBHA,1942,84.9,159.2,21.2
1018.2,7.2,149.2,0,0.1,55,275.1,141.9,55,843.7,0.4,28.3,35.9,0.1,1,83.4,83.5,277.5,VIDARBHA,1943,0,277.5,0
1367.8,1.6,370.6,0,59.4,4.5,470.4,96.6,63.8,1150.8,64.8,2.7,69.2,16.5,1,67.4,83.9,213.2,VIDARBHA,1944,59.3,213.2,0
1199.4,24.6,299.6,1.1,0.4,13.8,404.7,147,14.1,1125.5,0,3.3,27.9,0.6,1,30.3,31.9,274.2,VIDARBHA,1945,0.3,274.2,1
1173,15.5,292.4,13,14.2,0,376.9,237,14.2,1013.6,0.7,9.7,26,97.6,1,8.6,119.2,107.4,VIDARBHA,1946,14.2,107.3,13
1168.3,7.8,345.8,11.8,26.7,35,406,112.1,61.7,1031.8,23.7,5.3,36.8,0.3,1,25.9,38,167.8,VIDARBHA,1947,26.7,167.9,11.8
1182.8,3.9,267.8,0,9.4,48.9,374.1,125.1,58.4,968.1,7,4.5,15.4,126.5,1,14.4,140.9,201.1,VIDARBHA,1948,9.5,201.1,0
1398.3,5.6,266.2,0.1,1.5,1.2,412.9,222.7,2.8,1225.2,1,28.8,35.4,0,1,134.8,134.9,323.5,VIDARBHA,1949,1.6,323.4,0.1
793.5,0.7,143.7,11.9,27.3,0.1,375,84.6,27.4,719.5,14.9,5.6,21.2,0.3,1,13.3,25.5,116.3,VIDARBHA,1950,27.3,116.2,11.9
1082.3,14.6,318.6,0,0.6,4.6,348.8,136.8,5.2,927.4,41.9,11.1,67.6,0.6,1,81.5,82.1,123.1,VIDARBHA,1951,0.6,123.2,0
807.7,10.8,266.5,0.5,10.6,0,235.1,98,10.6,745.5,4.2,2.5,17.5,0,1,33.6,34.1,146,VIDARBHA,1952,10.6,145.9,0.5
1137.8,21.4,449.9,0,1.1,3.9,299.4,138.2,5,1060.5,0,0.2,21.6,0,1,50.7,50.7,173,VIDARBHA,1953,1.1,173,0
1100.4,4,248.8,0.1,0.6,0.3,407.9,132.4,0.8,1077.5,11.4,1.1,16.5,0.9,1,4.6,5.6,288.3,VIDARBHA,1954,0.5,288.4,0.1
1368.7,6.8,371.8,0,0.3,15.5,278.4,274.7,15.8,1169.5,2.3,5,14.2,0.2,1,169.1,169.3,244.6,VIDARBHA,1955,0.3,244.6,0
1124.6,0.5,163.4,9.3,1.9,1.3,370.5,248.7,3.2,980.6,0.8,52.8,54.1,37.3,1,40.1,86.7,198,VIDARBHA,1956,1.9,198,9.3
1070.9,31.6,354.2,0,2.5,8.6,303.8,148.5,11,939.8,44.4,15.5,91.5,1,1,27.5,28.5,133.4,VIDARBHA,1957,2.4,133.3,0
1172.2,10.5,354,0.1,2,5.7,341.5,102.7,7.8,1018.5,20.4,10.4,41.3,36.5,1,68,104.6,220.3,VIDARBHA,1958,2.1,220.3,0.1
1606.3,11.8,377.3,0.1,1.2,13.6,467.9,178,14.8,1493.1,0.4,6.2,18.4,0.5,1,79.4,80,469.9,VIDARBHA,1959,1.2,469.9,0.1
1065,6.7,199.9,2.4,0,38.8,378.5,195.2,38.8,888.4,41,8.2,55.9,1.1,1,78.5,81.9,114.8,VIDARBHA,1960,0,114.8,2.3
1440.8,5.3,401.6,3.4,5.7,1.1,372.6,152.7,6.7,1253.1,4.5,21.4,31.2,2.9,1,143.3,149.7,326.2,VIDARBHA,1961,5.6,326.2,3.5
1152.6,33.1,267.3,64.5,4.6,5.6,364.3,67.1,10.2,966,18.4,21.7,73.1,30.5,1,8.3,103.3,267.2,VIDARBHA,1962,4.6,267.3,64.5
1147.8,14.8,397.9,0,10.5,0.3,282.1,204,10.9,1008,12.9,19.5,47.2,1.7,1,80.1,81.8,123.9,VIDARBHA,1963,10.6,124,0
1010.7,1.3,357.9,0.6,2,0,259.5,166,2,960.2,3,0.6,4.8,2.3,1,40.8,43.7,176.8,VIDARBHA,1964,2,176.8,0.6
743.6,15.5,181,0.5,4.9,18.7,262,113.6,23.6,696.2,4.9,1.6,21.9,0,1,1.3,1.9,139.6,VIDARBHA,1965,4.9,139.6,0.6
1002.9,7.9,206.5,26.8,1.1,16.1,387.5,84.8,17.2,870.1,10.5,30.7,49.1,34.9,1,4.6,66.4,191.4,VIDARBHA,1966,1.1,191.3,26.9
1128.4,7.4,244.8,121.8,0,0.5,406.8,184.6,0.5,937.9,50,1.6,59,1.1,1,8,130.9,101.6,VIDARBHA,1967,0,101.7,121.8
922.9,15.4,210.5,4.3,23.9,14.6,291.4,104.8,38.5,799.7,36.6,0.7,52.7,4.7,1,23,32,193,VIDARBHA,1968,23.9,193,4.3
992.9,4,200,1.3,0,1.5,371,98.6,1.5,951.1,0.6,9.6,14.3,19.4,1,5.4,26.1,281.5,VIDARBHA,1969,0,281.5,1.3
1240.6,4.2,435.6,0,1,15.9,211,304.1,17,1174.1,18.3,17.5,40,0,1,9.6,9.6,223.3,VIDARBHA,1970,1.1,223.4,0
882.4,12.4,259.2,0,12.8,3.7,124.3,193.6,16.5,696.6,21.2,26.7,60.3,0,1,108.9,108.9,119.5,VIDARBHA,1971,12.8,119.5,0
740.8,3.8,280.8,4.2,1.1,0,197.7,139.8,1.1,679,0,3.4,7.1,28.5,1,20.9,53.5,60.7,VIDARBHA,1972,1.1,60.7,4.1
1162.4,2.3,346.4,0.5,5,1.7,428.5,75.1,6.7,986.4,0.3,1.5,4,1.4,1,163.4,165.3,136.4,VIDARBHA,1973,5,136.4,0.5
840.8,0.5,281.4,0,4.8,0,211,93.2,4.8,653.7,1.2,12.6,14.3,5.4,1,162.6,168,68.1,VIDARBHA,1974,4.8,68.1,0
1324.1,1.1,316,0,22.4,3.5,321.3,264.3,26,1190.6,7,6.4,14.5,0.3,1,92.8,93,288.9,VIDARBHA,1975,22.5,289,-0.1
974.6,11.5,260.7,0.2,0.1,2.1,386,90.8,2.2,912.1,4.7,4.6,20.7,38.5,1,0.9,39.6,174.7,VIDARBHA,1976,0.1,174.6,0.2
1068,8.9,340.8,3.2,2.1,0,283.9,169.7,2.1,926.1,3.7,15,27.6,71.2,1,37.8,112.2,131.7,VIDARBHA,1977,2.1,131.7,3.2
1249.4,10.1,430,40.5,24.4,13.3,399.3,228,37.7,1103.4,18.6,1.9,30.5,20.7,1,16.4,77.7,46.2,VIDARBHA,1978,24.4,46.1,40.6
1087.2,0.5,323.2,10.6,59.7,30.4,218.2,245.6,90.1,930.2,1.7,12.9,15,34.9,1,6.3,51.8,143.3,VIDARBHA,1979,59.7,143.2,10.6
1042.6,2.9,361.8,24.1,3.2,15.3,246.3,253.6,18.6,993.1,1,0.5,4.3,0.4,1,2,26.6,131.4,VIDARBHA,1980,3.3,131.4,24.2
1218.6,3.6,352.6,13.8,0.9,20.2,302.5,173.1,21.2,1122.7,25.4,12.6,41.6,1.8,1,17.6,33.2,294.5,VIDARBHA,1981,1,294.5,13.8
856.1,5.2,206.8,0,10.6,45.7,256.4,100.6,56.3,708,6,15.3,26.5,16.1,1,49.2,65.3,144.2,VIDARBHA,1982,10.6,144.2,0
1240.4,1.5,376.7,12.2,7.4,1.6,327.9,156.4,8.9,1150.7,1.9,6.7,10.1,0,1,58.4,70.6,289.8,VIDARBHA,1983,7.3,289.7,12.2
810.6,3.2,271,0.6,18.6,26.9,258.6,105.6,45.5,683.9,0.4,0.4,3.9,0,1,76.6,77.2,48.7,VIDARBHA,1984,18.6,48.7,0.6
876.9,7.3,181.9,2.6,1.1,22.5,271.7,196.8,23.7,712.3,1,9.7,18,0,1,120.4,123,61.9,VIDARBHA,1985,1.2,61.9,2.6
1157,4.2,382.2,28.3,40.5,11.7,353.4,232.8,52.2,1029.6,6.4,6.5,17.1,17.2,1,12.7,58.2,61.2,VIDARBHA,1986,40.5,61.2,28.3
822.6,0.7,283.7,3.6,6.1,24.3,204.7,117,30.4,643,7.5,9.8,18.1,55.4,1,72.1,131.1,37.7,VIDARBHA,1987,6.1,37.6,3.6
1308.7,12.5,286.6,0.3,7.9,0.7,485,186.8,8.6,1188.5,3.8,4.2,20.6,4.3,1,86.4,91.1,230.1,VIDARBHA,1988,7.9,230.1,0.4
997.7,0.1,330.1,30.1,0,0,240.6,236.5,0,925.1,23.6,2,25.6,1.6,1,15.2,46.9,118,VIDARBHA,1989,0,117.9,30.1
1505,3.9,507.3,7.1,6.8,3.5,326.3,303.2,10.4,1258.4,8.6,71.3,83.9,1.6,1,143.7,152.4,121.5,VIDARBHA,1990,6.9,121.6,7.1
838.7,4.7,255.4,1.5,1.6,6.3,348,168.9,8,795.3,4.6,3,12.2,12.1,1,9.6,23.2,23,VIDARBHA,1991,1.7,23,1.5
1148.6,2.9,565.5,0,0.5,0.2,241.3,167.9,0.6,1090.8,0.4,5.7,9,12.4,1,35.9,48.2,116.1,VIDARBHA,1992,0.4,116.1,-0.1
1023,2.8,222,10.4,3.6,0.5,365.6,145.8,4.1,904.7,17.9,5,25.7,0.5,1,77.7,88.5,171.3,VIDARBHA,1993,3.6,171.3,10.3
1427.1,9.6,343.3,0.4,9.8,10,508.2,228.6,19.8,1305.5,0.1,2.2,11.9,6.2,1,83.3,90,225.4,VIDARBHA,1994,9.8,225.4,0.5
1077.5,8.8,165.9,0.3,5.5,49.8,335.8,156.1,55.4,859.1,45.4,8,62.1,0.1,1,100.5,100.9,201.3,VIDARBHA,1995,5.6,201.3,0.3
855,9.3,261.1,0,3.7,2.2,266,64.4,5.9,741.4,3.6,0.7,13.6,1.9,1,92.2,94.1,149.8,VIDARBHA,1996,3.7,149.9,0
1039.3,18.4,265.8,78.5,0,16.3,248.4,108,16.3,767.9,2.5,8.4,29.3,69.9,1,77.4,225.7,145.7,VIDARBHA,1997,0,145.7,78.4
1061.7,8.3,234.2,0,14.7,12.8,274,127.5,27.4,883.1,16.2,10.6,35.1,62.2,1,53.9,116.1,247.4,VIDARBHA,1998,14.6,247.4,0
1165.1,0,294.1,0,20.9,0.2,234,228.8,21.1,1004.9,0.2,33.3,33.5,0,1,105.5,105.5,248,VIDARBHA,1999,20.9,248,0
1105.2,0.1,286.2,0.5,16.4,0.1,472.1,235.9,16.4,1048.2,0.1,28.8,29,0,1,11,11.5,54,VIDARBHA,2000,16.3,54,0.5
1122.1,18.3,359.8,0,0.1,8.9,202,338.6,9,937.8,15.2,7.9,41.4,4.7,1,129.2,134,37.4,VIDARBHA,2001,0.1,37.4,0.1
925.8,2.9,352.5,0.1,4,2.4,88.1,301.1,6.3,870.3,1.1,8.2,12.1,1.9,1,35.2,37.1,128.6,VIDARBHA,2002,3.9,128.6,0
1018.6,2.7,280.9,1.3,4.4,0,401,140.2,4.4,960.1,3.6,3,9.3,0.8,1,42.6,44.7,138,VIDARBHA,2003,4.4,138,1.3
731.9,3.5,223.1,0.2,5.5,10.3,217.7,137.9,15.8,665,0.6,12.2,16.3,6.9,1,27.7,34.8,86.3,VIDARBHA,2004,5.5,86.3,0.2
1214.6,1.9,249.2,0.2,7,74.9,393.2,144.4,81.8,1033.7,7.2,2.6,11.7,0,1,87.2,87.4,246.8,VIDARBHA,2005,6.9,246.9,0.2
1215.6,16.2,421.4,0,0,0,360.8,115,0,1073,50.6,20.9,87.7,11.1,1,43.7,54.8,175.8,VIDARBHA,2006,0,175.8,0
1167,3.2,282.4,0,1.3,0.1,349.1,256.7,1.4,1130,1.4,1.2,5.8,2.5,1,27.3,29.8,241.8,VIDARBHA,2007,1.3,241.8,0
866.6,2.8,254,0.1,1.9,0.2,261.5,137.9,2.1,814.2,19.2,2.9,24.9,2.9,1,22.4,25.4,160.8,VIDARBHA,2008,1.9,160.8,0.1
770.8,2.4,175.4,1.2,0,0.1,310.8,78.1,0.1,654.6,0.9,5.9,9.2,63.8,1,41.9,106.9,90.3,VIDARBHA,2009,0,90.3,1.2
1338.1,0.3,384,3.2,1.9,14,454.5,144.8,15.9,1221.2,7.5,1.9,9.6,37,1,51,91.3,238,VIDARBHA,2010,1.9,237.9,3.3
893.2,7.7,302.8,0,1.2,0,247.1,137.9,1.2,878.8,0.1,0.6,8.4,0,1,4.7,4.7,191,VIDARBHA,2011,1.2,191,0
1107.7,0.6,316.2,0,0.1,3.1,370.5,125.5,3.2,1061.5,0,0.2,0.8,7.3,1,34.9,42.2,249.4,VIDARBHA,2012,0.1,249.3,0
1520,2.8,326.1,0,13,6.6,535.5,366.7,19.6,1360,3.8,0.5,7,0,1,133.5,133.5,131.7,VIDARBHA,2013,13,131.7,0
919.1,2.6,191.7,2.3,18.3,1.2,337.6,63.3,19.5,817.5,49.6,4,56.3,6.2,1,17.3,25.8,224.9,VIDARBHA,2014,18.3,224.9,2.3
993.8,28.1,288.9,0.2,4.7,26.3,137.2,254.6,31.1,848.2,66.3,12.8,107.2,0,1,7,7.3,167.5,VIDARBHA,2015,4.8,167.5,0.3
1387,5.5,476.7,0,116.5,48.9,381,101.6,165.4,1142.2,27.8,18.4,51.7,0.4,1,27.3,27.7,182.8,CHHATTISGARH,1901,116.5,182.9,0
923.9,13.9,236.6,3.7,6.5,0.6,403.8,37.2,7.1,875.7,0.4,10.3,24.6,8.1,1,4.7,16.5,198.1,CHHATTISGARH,1902,6.5,198.1,3.7
1331.2,6.8,396,0,13.9,6.2,365.9,110.7,20.1,1084.7,0.4,51.1,58.3,0.1,1,168,168.1,212,CHHATTISGARH,1903,13.9,212.1,0
1492.4,0.2,483.6,0,8.6,0,303.6,369.5,8.6,1243.5,32.3,77.5,110,1,1,129.3,130.4,86.8,CHHATTISGARH,1904,8.6,86.8,0.1
1251.1,24.6,270.8,0,22.6,50.3,443.7,40.4,72.9,1093.8,19,31.8,75.5,0,1,8.9,8.9,338.8,CHHATTISGARH,1905,22.6,338.9,0
1394.6,0,258.3,14.7,91,25,445.2,210.1,115.9,1155.8,52.5,4.1,56.7,10.2,1,41.2,66.1,242.3,CHHATTISGARH,1906,90.9,242.2,14.7
1308.8,39.4,494.4,15.3,40.2,4,233.6,286.5,44.3,1156.2,41.7,4.5,85.6,7.3,1,0.1,22.7,141.8,CHHATTISGARH,1907,40.3,141.7,15.3
1488.7,1.5,590,1.1,67.1,8.4,465.9,182.4,75.4,1385,6.3,6.5,14.3,0,1,12.9,14,146.7,CHHATTISGARH,1908,67,146.7,1.1
1284.1,112.8,210.8,44.7,5.8,11.3,473.9,266.1,17.1,1093.6,3.1,6.1,122,0,1,6.7,51.4,142.8,CHHATTISGARH,1909,5.8,142.8,44.7
1407.2,21.5,441.4,0,0.6,9,296.6,246,9.5,1249.2,3.7,13.3,38.6,17.4,1,92.6,110,265.2,CHHATTISGARH,1910,0.5,265.2,0
1504.1,0.8,474.6,0,0,2.2,215.7,366.7,2.2,1301.5,21.7,9,31.5,37.4,1,131.6,169,244.6,CHHATTISGARH,1911,0,244.5,0
1227,22.6,411.9,0,73.9,3.1,422.5,62.3,77,1090.8,1,11.3,34.9,11.3,1,13,24.3,194,CHHATTISGARH,1912,73.9,194.1,0
1234.6,4.1,285.6,14,85.4,4.3,374.4,246,89.7,1028.2,31.8,35.8,71.7,6.2,1,24.9,45.1,122.2,CHHATTISGARH,1913,85.4,122.2,14
1418.1,38.6,373,6.8,7.9,0,493.8,186.1,7.9,1287,21,51.5,111.1,0.2,1,5,12,234.1,CHHATTISGARH,1914,7.9,234.1,6.8
1455.9,16.6,435.9,0,42.4,25,364.6,131.3,67.4,1182.7,19.7,21.2,57.6,27.2,1,121,148.2,251,CHHATTISGARH,1915,42.4,250.9,0
1443,6.9,374.6,0,26.5,0,289.4,325.5,26.5,1188.7,2.1,20.2,29.1,20.3,1,178.4,198.6,199.2,CHHATTISGARH,1916,26.5,199.2,-0.1
1727.7,10.8,475.2,0.7,63.7,3.6,374,296.9,67.3,1433.9,26.6,44,81.4,0.3,1,144.1,145,287.8,CHHATTISGARH,1917,63.7,287.8,0.6
1377.2,10.7,490.9,8.8,4.5,14.1,238,431.2,18.6,1282.6,1.9,48.3,60.9,4.7,1,1.7,15.2,122.5,CHHATTISGARH,1918,4.5,122.5,8.8
1859,13.5,511.2,1.4,65.2,98.3,392.9,396.5,163.5,1453.1,30.1,33,76.6,13.9,1,150.6,165.8,152.4,CHHATTISGARH,1919,65.2,152.5,1.3
1203.4,25.6,391.5,0,2.6,1.7,542.5,97,4.3,1123,21.9,23.4,70.9,0,1,5.2,5.2,92,CHHATTISGARH,1920,2.6,92,0
1319.4,6.2,401.8,0,1.6,39.6,311.4,335.4,41.2,1259.6,0,0,6.2,0,1,12.3,12.3,210.9,CHHATTISGARH,1921,1.6,211,0
1308.8,12.7,305.2,1.7,1.2,21.1,416.7,180.2,22.3,1199.7,0.5,9.5,22.7,38.9,1,23.5,64,297.6,CHHATTISGARH,1922,1.2,297.6,1.6
1387.2,9.7,582.3,0.5,27.1,3.9,374.6,103.8,31,1255.6,15.2,5.3,30.3,8,1,61.9,70.4,194.9,CHHATTISGARH,1923,27.1,194.9,0.5
1334.2,9,329.5,0.1,11.1,32.3,310.3,83.5,43.4,1053.9,5.9,18,32.9,124.5,1,79.5,204.1,330.6,CHHATTISGARH,1924,11.1,330.6,0.1
1737.1,10.6,476.6,0,0.5,0.2,560.4,368.8,0.7,1572.6,0.3,88.6,99.5,19.1,1,45.1,64.3,166.8,CHHATTISGARH,1925,0.5,166.8,0.1
1634.9,63.3,555.5,3.3,10.7,33.2,374.4,55.3,43.9,1315.8,99.7,45.3,208.3,0.2,1,63.4,66.9,330.5,CHHATTISGARH,1926,10.7,330.6,3.3
1537.1,2.3,488.8,0,57.9,11.7,468.3,193.3,69.6,1322.3,24.1,15.9,42.2,27.8,1,75.2,103.1,171.9,CHHATTISGARH,1927,57.9,171.9,0.1
1219.2,13.6,272.7,4.4,11.3,6.8,384.4,210.1,18.1,1059.7,8.8,16.7,39.2,0,1,97.8,102.2,192.5,CHHATTISGARH,1928,11.3,192.5,4.4
1663.8,14.4,461.1,41.9,28.9,23.1,597.9,216.2,51.9,1454.5,1.2,5.6,21.2,0,1,94.3,136.2,179.2,CHHATTISGARH,1929,28.8,179.3,41.9
1383.5,43.3,285,5.1,4,0,517.4,190.9,4,1178.6,13.5,7.9,64.7,93.9,1,37.3,136.2,185.3,CHHATTISGARH,1930,4,185.3,5
1467,10.6,510.8,0.2,64.4,8.4,359.1,104.6,72.7,1143.9,14.5,14.6,39.8,54.1,1,156.3,210.7,169.3,CHHATTISGARH,1931,64.3,169.4,0.3
1357.6,9.5,300.9,0.2,22.9,0,525.2,109.6,22.9,1208.3,3.7,18.8,32.1,37.6,1,56.4,94.3,272.6,CHHATTISGARH,1932,22.9,272.6,0.3
1650.6,21.9,368.3,5.5,75.9,31.6,388.9,310.7,107.5,1354.4,14.9,97.3,134.1,7.9,1,41.4,54.7,286.5,CHHATTISGARH,1933,75.9,286.5,5.4
1529.2,11.5,483.4,1.1,0,1.8,412,263.1,1.8,1463.9,1.5,0,13,12.3,1,37,50.5,305.3,CHHATTISGARH,1934,0,305.4,1.2
1269.2,33.4,247.2,3.6,17.9,12.2,562.1,132.2,30.1,1189.1,5.1,4.1,42.7,0,1,3.8,7.3,247.6,CHHATTISGARH,1935,17.9,247.6,3.5
1826.2,4.3,434.5,6.1,44.7,31.9,463.8,413.1,76.6,1569.4,14.6,46.6,65.5,18.2,1,90.4,114.7,258,CHHATTISGARH,1936,44.7,258,6.1
1616.8,76.3,391.9,0.2,66.2,0,501,222.6,66.2,1352.6,21.5,19.2,117,1,1,79.8,81,237,CHHATTISGARH,1937,66.2,237.1,0.2
1505.8,8.2,343.5,0.1,25.1,18.4,386.8,269.2,43.5,1266.3,5.4,48.8,62.3,7,1,126.6,133.7,266.7,CHHATTISGARH,1938,25.1,266.8,0.1
1480.3,19.9,478.6,0,22.8,6.5,427.5,188.6,29.3,1293,53.2,1.1,74.2,4.6,1,79.3,83.9,198.3,CHHATTISGARH,1939,22.8,198.3,0
1448.4,26.4,395.6,24.3,23,0.2,542.9,218.6,23.2,1229.8,31.1,41.5,98.9,4.9,1,67.2,96.4,72.8,CHHATTISGARH,1940,23,72.7,24.3
1005.1,3.3,238.7,0.2,13.8,20.8,218.6,240.8,34.6,844.1,18.4,27.1,48.8,6.5,1,70.9,77.6,146,CHHATTISGARH,1941,13.8,146,0.2
1598.3,18.7,470.7,2.3,48.2,13.1,540.7,164.1,61.3,1465.2,7.5,17.7,44,1.6,1,23.9,27.8,289.6,CHHATTISGARH,1942,48.2,289.7,2.3
1645.1,19.5,386.5,0,5.1,99.5,459.7,214.2,104.6,1434.1,1,32.1,52.6,1,1,52.8,53.8,373.6,CHHATTISGARH,1943,5.1,373.7,0
1792.7,25,439.8,0.1,78.3,24.4,611.7,101.3,102.7,1400.5,102.9,11.1,139,7.5,1,142.8,150.4,247.7,CHHATTISGARH,1944,78.3,247.7,0.1
1585.6,58.6,397.2,0.9,7.6,30.1,428.5,200.7,37.8,1403,0,7,65.6,6.4,1,71.9,79.3,376.6,CHHATTISGARH,1945,7.7,376.6,1
1599,35.3,522.5,0.4,11,0,419.9,307.9,11,1431.9,2.3,25.3,62.8,29,1,63.9,93.3,181.6,CHHATTISGARH,1946,11,181.6,0.4
1599.6,6.7,476.4,15.6,29.9,31,510.6,140.1,60.9,1410.2,12,9.7,28.4,4.5,1,80,100.1,283.2,CHHATTISGARH,1947,29.9,283.1,15.6
1491.7,21.5,423.7,0,8,31,390.1,216,39,1276.7,14.2,11.6,47.4,86.4,1,42.3,128.7,246.9,CHHATTISGARH,1948,8,246.9,0
1499.6,9.9,412.3,0.2,7.6,1.2,381,181.7,8.8,1255.4,4,61.5,75.4,0,1,159.8,160,280.3,CHHATTISGARH,1949,7.6,280.4,0.2
1292.2,1.3,374.7,0,40.1,0.4,457.2,172.4,40.5,1153.2,50.9,10,62.2,19.6,1,16.7,36.3,148.9,CHHATTISGARH,1950,40.1,148.9,0
1411.6,59.8,459.4,0,2.8,4.5,338.4,145.1,7.3,1109.4,102.3,34.5,196.6,1.5,1,96.8,98.2,166.5,CHHATTISGARH,1951,2.8,166.5,-0.1
1396.4,18.2,385.8,2,20,1.2,439.4,120.8,21.2,1250,18.8,23.4,60.4,0,1,62.8,64.8,304,CHHATTISGARH,1952,20,304,2
1370.2,22.7,483.6,0,5.1,24.3,421.3,140.8,29.4,1254.8,0.1,5.8,28.6,2.4,1,55,57.4,209.1,CHHATTISGARH,1953,5.1,209.1,0
1193.7,11.7,358.1,5.4,2.2,2.7,314,114.9,4.9,1148.4,4.4,6.5,22.5,0,1,12.5,17.8,361.4,CHHATTISGARH,1954,2.2,361.4,5.3
1440.7,13.5,406,0,1.2,15.1,283.1,242.1,16.3,1207.8,3.2,23.3,39.9,2.4,1,174.2,176.6,276.6,CHHATTISGARH,1955,1.2,276.6,0
1557,3,404.3,4,13.9,2.2,468.5,278,16.1,1378.1,7.1,68.4,78.5,10.7,1,69.6,84.2,227.3,CHHATTISGARH,1956,13.9,227.3,3.9
1222.4,17,416.7,0,10.4,14.8,449.7,114.8,25.1,1087,48.7,16.2,82,0,1,28.3,28.3,105.8,CHHATTISGARH,1957,10.3,105.8,0
1520.9,17.1,376,0,38.8,9.5,509.4,101.2,48.3,1252.5,21.6,19.2,57.9,29.3,1,133,162.3,265.8,CHHATTISGARH,1958,38.8,265.9,0
1544.2,3.6,473.1,0.3,3.3,32,408.9,180.4,35.2,1420.3,0.2,15.5,19.3,0.1,1,69,69.4,357.9,CHHATTISGARH,1959,3.2,357.9,0.3
1364.3,10.2,441.5,0,0.7,18,412.1,168.6,18.6,1167.6,44.4,11.2,65.8,0.4,1,111.9,112.3,145.4,CHHATTISGARH,1960,0.6,145.4,0
1974,10.9,467.6,7.3,44.1,2.5,533.2,377.4,46.6,1779.5,5,16.1,32,5.8,1,102.8,115.9,401.2,CHHATTISGARH,1961,44.1,401.3,7.3
1124.7,23.8,276.1,26.4,15.8,3.8,371.6,130.5,19.6,988.1,10.4,28,62.3,2,1,26.3,54.7,210,CHHATTISGARH,1962,15.8,209.9,26.4
1337.2,44.8,387.7,0.3,5.4,0.4,349.4,160.8,5.8,1156.7,8.9,28.2,82,1.2,1,91.2,92.7,258.8,CHHATTISGARH,1963,5.4,258.8,0.3
1509.1,6.5,515.3,0,21.9,1,371.6,269.2,23,1358,3.9,4.5,14.9,4.1,1,109.1,113.3,201.8,CHHATTISGARH,1964,22,201.9,0.1
941.6,14.4,208.3,0,4.5,5.8,310,111.1,10.2,881.2,22.3,8.4,45.1,0,1,4.9,4.9,251.8,CHHATTISGARH,1965,4.4,251.8,0
1087.1,16.3,253.4,20.9,0,20.9,294,267.8,20.9,969.8,2.2,19,37.6,12.8,1,25.1,58.8,154.6,CHHATTISGARH,1966,0,154.6,20.9
1472.5,15.5,508.3,57.6,0,1.7,397.9,184.3,1.7,1279,96.8,12.2,124.5,0.4,1,9.2,67.2,188.5,CHHATTISGARH,1967,0,188.5,57.6
1168,19.5,269.9,3.9,26.1,25.6,354.9,176.2,51.7,1011.7,16.3,4.5,40.2,0.7,1,59.7,64.4,210.7,CHHATTISGARH,1968,26.1,210.7,4
1172.6,18.7,291.4,7.9,1.6,6,442.4,121.8,7.6,1067,0.6,46.2,65.6,6,1,18.5,32.5,211.4,CHHATTISGARH,1969,1.6,211.4,8
1501.5,18.9,443.1,0,11.9,12.1,453.2,237.9,24,1370.6,44.9,23.2,87,0,1,19.9,19.9,236.4,CHHATTISGARH,1970,11.9,236.4,0
1533.8,48.8,398.8,0,24.8,20.3,354.6,384.1,45.1,1265.4,11.6,68.6,129,4.7,1,89.6,94.3,127.9,CHHATTISGARH,1971,24.8,127.9,0
1198.9,15.2,392,3.9,19.2,0.1,319.4,123.9,19.3,1067.7,1.2,6.2,22.6,36.3,1,49.2,89.3,232.4,CHHATTISGARH,1972,19.2,232.4,3.8
1467.3,3.1,401.9,0,10,3.8,429.3,97.9,13.8,1215.5,2.6,6.9,12.7,2,1,223.3,225.3,286.5,CHHATTISGARH,1973,10,286.4,0
951,1.5,353.3,0,6.6,0,253.4,115.6,6.6,822.6,2.5,9.2,13.1,11.3,1,97.3,108.6,100.4,CHHATTISGARH,1974,6.6,100.3,0
1475.5,3.7,421.3,0,7.4,9.7,403.3,202.5,17.2,1292.7,11.3,8.7,23.8,0.9,1,140.8,141.7,265.7,CHHATTISGARH,1975,7.5,265.6,0
1379.3,15.9,492.1,0.2,4.1,0.4,569,100,4.5,1335.6,1.1,12.6,29.6,6.7,1,2.8,9.7,174.5,CHHATTISGARH,1976,4.1,174.5,0.2
1465.5,19,386.3,6.1,4.9,4.1,509.3,242.4,9,1334.6,2.2,33.7,54.9,40.9,1,19.9,67,196.5,CHHATTISGARH,1977,4.9,196.6,6.2
1370.4,12.8,470.8,12.2,13.7,4.1,377.7,257,17.9,1281.5,18.9,3.7,35.4,11.9,1,11.5,35.6,176,CHHATTISGARH,1978,13.8,176,12.2
904.6,4.4,267.2,3.6,24.7,20.7,209.8,176.3,45.4,808.8,0.6,4.4,9.4,11.3,1,26.1,41,155.5,CHHATTISGARH,1979,24.7,155.5,3.6
1495.4,7.2,362.2,4.6,2.3,5.3,426.6,273,7.7,1431.2,7.9,15.5,30.6,0,1,21.4,26,369.4,CHHATTISGARH,1980,2.4,369.4,4.6
1216.2,4,409.1,2.2,1.6,20.7,356.2,127.5,22.3,1129.9,20.7,15.6,40.3,0.9,1,20.7,23.7,237.2,CHHATTISGARH,1981,1.6,237.1,2.1
1197.4,11.5,501.1,0.6,18.9,27.2,251.8,133.5,46.2,1005.6,22.5,25,59,10.9,1,75.2,86.7,119.1,CHHATTISGARH,1982,19,119.2,0.6
1371.9,20.4,417.6,9.4,24.9,0.3,324.2,155.7,25.1,1228.3,1.5,28.4,50.3,0.6,1,58.2,68.1,330.9,CHHATTISGARH,1983,24.8,330.8,9.3
1254.7,24.9,400.2,0,12.4,35.3,322,291.6,47.7,1113.6,0.1,15.5,40.5,0.2,1,52.7,52.9,99.8,CHHATTISGARH,1984,12.4,99.8,0
1237.5,8.7,346,0,9.4,33.2,398.9,137.2,42.6,1096.8,0.4,11.9,21,0,1,77.2,77.2,214.6,CHHATTISGARH,1985,9.4,214.7,0
1368.6,11.5,321,24.1,45.7,23.3,367.9,361.9,69,1149.5,10,8.7,30.2,33.9,1,61.9,119.9,98.7,CHHATTISGARH,1986,45.7,98.7,24.1
1142.8,2.4,264.8,2.2,9.3,9.2,409.9,81,18.5,969.7,7.9,22.1,32.4,37.5,1,82.5,122.2,214,CHHATTISGARH,1987,9.3,214,2.2
1206.3,22.7,351.1,0.1,25.1,0.7,375,219.7,25.8,1113.6,6.2,8.8,37.7,0.4,1,28.7,29.2,167.8,CHHATTISGARH,1988,25.1,167.8,0.1
1187.2,1,353.7,24.6,0,0.1,372.1,226.8,0.1,1126.5,10.5,8.9,20.4,5.2,1,10.4,40.2,173.9,CHHATTISGARH,1989,0,173.9,24.6
1643.8,7.4,375.9,1.4,18.5,0.5,393.9,293.6,19,1331.5,9.2,122.3,138.9,9.4,1,143.6,154.4,268.2,CHHATTISGARH,1990,18.5,268.1,1.4
1220.8,3.7,411.2,7.6,1.6,10.6,446.2,143.8,12.2,1136.2,9.2,4.7,17.5,9.3,1,37.9,54.9,135.1,CHHATTISGARH,1991,1.6,135,7.7
1156.6,1.9,419.1,0,0.3,0.1,401.3,137.1,0.4,1137.5,0.5,5.4,7.8,3,1,7.9,10.9,180,CHHATTISGARH,1992,0.3,180,0
1205.3,4.7,299.5,0,5.3,0,351,167.2,5.3,1116.3,7.1,10,21.7,1.9,1,60.1,61.9,298.6,CHHATTISGARH,1993,5.3,298.6,-0.1
1754.5,5.2,447.7,0,8.4,3.5,575.7,413.4,11.8,1648.8,0,9.1,14.3,2.7,1,76.9,79.6,212,CHHATTISGARH,1994,8.3,212,0
1280.7,5.2,356,8.2,2.6,43.5,478.3,119.5,46.1,1091.4,24,24.9,54.1,11.2,1,69.6,89.1,137.7,CHHATTISGARH,1995,2.6,137.6,8.3
1187,4.8,429.4,0.2,5.6,11.1,352.4,195.2,16.7,1133.8,3.6,2.2,10.6,0.8,1,25,26,156.8,CHHATTISGARH,1996,5.6,156.8,0.2
1317.2,45.7,414.7,53.5,0.1,6.3,384.6,153.8,6.4,1120.6,2.2,7.2,55.1,51.4,1,30.2,135.1,167.5,CHHATTISGARH,1997,0.1,167.5,53.5
1332.5,11.9,259.6,0,11.2,64.9,356,156.2,76,1060.1,27.3,16.4,55.6,47.8,1,93.1,140.9,288.3,CHHATTISGARH,1998,11.1,288.3,0
1322.6,0,408.7,0.6,3.1,0,310,222.5,3.1,1194.9,0.1,31.5,31.6,1.3,1,91.2,93,253.7,CHHATTISGARH,1999,3.1,253.7,0.5
906.3,1.5,215.6,0.1,0,2.6,322.4,180.7,2.6,887.8,0.6,9.3,11.4,0.2,1,4.3,4.6,169.1,CHHATTISGARH,2000,0,169.1,0.1
1600.1,17.6,380.3,0,0.3,0.8,630.6,339.4,1.1,1458.8,14.6,16.6,48.7,4.6,1,86.9,91.6,108.4,CHHATTISGARH,2001,0.3,108.5,0.1
990.2,3.3,352.4,15.9,4.9,41.5,138.4,196.3,46.4,809.3,12.2,32.1,47.5,13.3,1,57.8,86.9,122.3,CHHATTISGARH,2002,4.9,122.2,15.8
1694.3,2.6,519.7,14.9,17.7,3.7,446.6,128.7,21.4,1479.1,12.1,0.7,15.5,5.8,1,157.6,178.2,384.1,CHHATTISGARH,2003,17.7,384.1,14.8
1144.5,21.2,351.7,0.1,16.7,37.8,323.1,213.1,54.5,1014.3,3.1,6.8,31.1,0.7,1,43.9,44.6,126.5,CHHATTISGARH,2004,16.7,126.4,0
1287.2,6.5,267.7,1,15.6,57.6,393.8,197,73.2,1099,6.1,16.4,29,1.6,1,83.5,86.1,240.5,CHHATTISGARH,2005,15.6,240.5,1
1317.7,17.2,447.2,0.7,0,2.7,495.1,92.2,2.7,1219,26.2,23.5,66.8,15.1,1,13.3,29.1,184.6,CHHATTISGARH,2006,0,184.5,0.7
1281.2,11.4,338.8,0.5,15.7,0,309.9,259.4,15.7,1167.2,6.2,10.4,28,2,1,67.8,70.3,259.1,CHHATTISGARH,2007,15.7,259.1,0.5
1108.5,11.2,305.1,0,9.7,6.7,280.5,236.4,16.4,1037.4,22.2,9.5,42.9,1.2,1,10.7,11.8,215.4,CHHATTISGARH,2008,9.7,215.4,-0.1
956.6,1.9,247.1,1.9,0,1.2,455,45.3,1.2,852,2.3,11.2,15.4,42.5,1,43.6,88,104.7,CHHATTISGARH,2009,0,104.6,1.9
1306.6,5.9,340.3,27.6,4.9,7.9,426.8,102.6,12.8,1172.2,1,12.6,19.4,20.2,1,54.3,102.1,302.5,CHHATTISGARH,2010,4.9,302.5,27.6
1302.7,35,379.8,2.8,11.5,0.3,272.6,183.5,11.8,1218.2,2.6,16.8,54.4,0,1,15.5,18.3,382.2,CHHATTISGARH,2011,11.5,382.3,2.8
1377.4,14.9,442.2,5,4.8,36.6,430.6,147.3,41.5,1265.4,1.1,9.4,25.4,20.4,1,19.8,45.1,245.3,CHHATTISGARH,2012,4.9,245.3,4.9
1420,45.8,336.6,0,19.7,2.8,418.8,263.6,22.5,1159.9,4.9,5.7,56.4,0.3,1,180.9,181.2,140.9,CHHATTISGARH,2013,19.7,140.9,0
1278.7,17.3,327.7,1.1,29,2.3,416.7,104.9,31.3,1102.1,21.4,25,63.7,2.6,1,77.9,81.6,252.7,CHHATTISGARH,2014,29,252.8,1.1
1117.6,37,286.6,1.5,1.2,15.8,248.6,257.6,17,1009.7,21.2,13,71.2,0.6,1,17.7,19.7,216.9,CHHATTISGARH,2015,1.2,216.9,1.4
993.8,28.7,133.7,1.5,80.9,18.8,113,77.7,99.7,449.7,7.2,68.7,104.6,164.8,1,173.4,339.8,125.3,COASTAL ANDHRA PRADESH,1901,80.9,125.3,1.6
1063.6,23.9,236.1,27.1,0,2,144.5,72.6,2,657.7,2.8,37.6,64.4,50.4,1,262,339.5,204.5,COASTAL ANDHRA PRADESH,1902,0,204.5,27.1
1316.2,6.2,258,12.1,13.3,0.8,248.6,154,14.2,877.1,0.2,73.4,79.8,173.9,1,159.1,345.1,216.5,COASTAL ANDHRA PRADESH,1903,13.4,216.5,12.1
860.2,3,117.7,10.7,0,1.3,120.2,107.8,1.3,462.6,5.4,136.3,144.7,0,1,240.9,251.6,116.8,COASTAL ANDHRA PRADESH,1904,0,116.9,10.7
795.2,37,210.8,0,16.7,1.1,64.6,84.4,17.8,530.1,68,68.8,173.8,7.4,1,66,73.4,170.2,COASTAL ANDHRA PRADESH,1905,16.7,170.3,0
1021.5,2.3,241.1,80.8,23.5,3.9,155.8,252.6,27.4,776.4,9.9,11,23.2,21.5,1,92.1,194.5,126.9,COASTAL ANDHRA PRADESH,1906,23.5,126.9,80.9
817.9,80.9,118.2,29.1,3,0.6,119.7,224.5,3.6,557.2,38.9,18.9,138.7,52.4,1,37,118.4,94.7,COASTAL ANDHRA PRADESH,1907,3,94.8,29
842.3,7.2,162,0,1.3,54.1,120.9,57.2,55.5,661.1,1.7,40.9,49.8,2.1,1,73.9,75.9,320.9,COASTAL ANDHRA PRADESH,1908,1.4,321,-0.1
867.6,112.2,193.1,75.2,1.3,1.3,154.2,109.7,2.6,626.8,0.2,34,146.5,3.1,1,13.4,91.7,169.8,COASTAL ANDHRA PRADESH,1909,1.3,169.8,75.2
1254.6,31.9,204.5,0,2.4,0.9,222.2,179.6,3.3,823,0.2,22.6,54.7,87.2,1,286.4,373.6,216.8,COASTAL ANDHRA PRADESH,1910,2.4,216.7,0
819.5,14.4,76.2,21,0,0,158.1,150.5,0,545.1,10.3,31.2,56,77.6,1,119.7,218.4,160.4,COASTAL ANDHRA PRADESH,1911,0,160.3,21.1
903.6,15.2,230.1,0,9.6,0,217.9,55.9,9.6,692.5,4.8,33.6,53.6,61.7,1,86.1,147.9,188.7,COASTAL ANDHRA PRADESH,1912,9.6,188.6,0.1
841,3.3,124.3,2.4,12.9,0,166.9,129,12.9,539.7,0.5,68.2,72.1,7.2,1,206.7,216.3,119.5,COASTAL ANDHRA PRADESH,1913,12.9,119.5,2.4
1013.2,73,178.5,5.1,10.9,0,157.4,171.7,10.9,800,5.8,77.7,156.6,17.8,1,22.8,45.7,292.4,COASTAL ANDHRA PRADESH,1914,10.9,292.4,5.1
1347.4,44.8,226.5,0,17.9,21.1,134.8,177.3,39,709.1,53.3,63.5,161.7,208.8,1,228.8,437.7,170.5,COASTAL ANDHRA PRADESH,1915,17.9,170.5,0.1
1351.2,16.3,197.1,0.1,5.1,0.2,282.1,157.9,5.3,803.3,0.5,43.9,60.7,126,1,355.9,481.9,166.2,COASTAL ANDHRA PRADESH,1916,5.1,166.2,0
1289.6,16.4,215.8,5,25.1,1.1,142.4,201.4,26.3,779.2,14.9,105.5,136.7,126.5,1,216,347.4,219.6,COASTAL ANDHRA PRADESH,1917,25.2,219.6,4.9
778,13,130.9,8.5,2.5,25.1,107.4,109.4,27.6,497.4,9.5,79.6,102,111.7,1,30.8,151,149.6,COASTAL ANDHRA PRADESH,1918,2.5,149.7,8.5
1141.4,23.6,118.6,8.7,22.9,41.3,194.8,111.2,64.2,586.4,10.4,70,104,183.6,1,194.5,386.8,161.8,COASTAL ANDHRA PRADESH,1919,22.9,161.8,8.7
723.5,25.1,124.9,0,23.8,9.6,71.6,83,33.3,393.2,4.7,78.4,108.2,12.2,1,176.5,188.7,113.6,COASTAL ANDHRA PRADESH,1920,23.7,113.7,0
1015,35.3,168,0,0.1,52.3,204.6,97.6,52.4,698.9,0.1,11.2,46.5,24.7,1,192.6,217.2,228.7,COASTAL ANDHRA PRADESH,1921,0.1,228.7,-0.1
853.3,5.3,132.6,0.2,0,10.9,145.6,103.3,10.9,499,0,35.8,41.1,174,1,128,302.3,117.5,COASTAL ANDHRA PRADESH,1922,0,117.5,0.3
1126.4,14.9,53.4,0.1,58.3,0.2,128.8,44.3,58.5,487.1,13.5,39.1,67.5,245.6,1,267.5,513.2,260.6,COASTAL ANDHRA PRADESH,1923,58.3,260.6,0.1
1182,8.8,197.6,0,6.2,3.7,111.6,66.2,9.9,725.1,0.6,66.1,75.6,240.3,1,131,371.4,349.8,COASTAL ANDHRA PRADESH,1924,6.2,349.7,0.1
1238.5,40.2,223.9,8.1,0.1,2.9,197.8,151.4,3,676.5,5.6,196.4,242.2,46.1,1,262.6,316.8,103.4,COASTAL ANDHRA PRADESH,1925,0.1,103.4,8.1
870.7,57.1,173.3,0,7.7,13.7,191.4,72.4,21.4,599.9,78.7,36.4,172.2,0.5,1,76.7,77.2,162.8,COASTAL ANDHRA PRADESH,1926,7.7,162.8,0
1053,6.3,197.2,0,8.4,14.1,172.4,196.4,22.6,723.1,18.5,40,64.8,176.5,1,66.1,242.6,157,COASTAL ANDHRA PRADESH,1927,8.5,157.1,0
1101.3,55.1,136.4,0.7,2.8,0,189,88.7,2.8,622.2,1.4,31,87.4,2.2,1,385.9,388.8,208.2,COASTAL ANDHRA PRADESH,1928,2.8,208.1,0.7
859.1,19.7,138.4,25.4,37.4,2.7,78.3,190,40.2,553,1.5,41,62.2,5.3,1,173.1,203.8,146.3,COASTAL ANDHRA PRADESH,1929,37.5,146.3,25.4
1222.7,23.2,133,5.1,32.4,0.5,112.4,189.6,32.9,571.6,6.6,117.3,147.1,181.9,1,284.1,471.1,136.7,COASTAL ANDHRA PRADESH,1930,32.4,136.6,5.1
1287.1,8.8,120.5,0.3,0.4,0.5,177.7,142.2,0.8,672.2,5.2,46.9,60.9,164,1,388.8,553.1,231.7,COASTAL ANDHRA PRADESH,1931,0.3,231.8,0.3
971.5,20.8,122.3,0.1,53.2,0,203.3,79.6,53.2,553,0.1,47.2,68,180,1,117.2,297.2,147.8,COASTAL ANDHRA PRADESH,1932,53.2,147.8,0
1087.3,23.3,135.6,24.8,0,4.1,187.1,106,4.2,621.7,6.8,88,118,67.3,1,251.3,343.4,193,COASTAL ANDHRA PRADESH,1933,0.1,193,24.8
884.2,19.9,207.5,3.2,0.2,0,202.2,100.5,0.2,641.7,0.6,21.7,42.3,80.6,1,116.2,200.1,131.5,COASTAL ANDHRA PRADESH,1934,0.2,131.5,3.3
751.1,24.7,122.6,0,0.1,1.2,158.9,94.6,1.3,567.8,4.2,10.5,39.4,1.6,1,141,142.6,191.8,COASTAL ANDHRA PRADESH,1935,0.1,191.7,0
1328.7,22.4,188.3,8.1,127.1,8.7,211.9,162.7,135.7,686.8,5.8,145.2,173.4,91.2,1,233.4,332.7,123.9,COASTAL ANDHRA PRADESH,1936,127,123.9,8.1
892.2,86.3,153.7,0.2,71.8,0,172.5,59.3,71.8,494.2,15.2,30.3,131.9,8.9,1,185.2,194.3,108.7,COASTAL ANDHRA PRADESH,1937,71.8,108.7,0.2
1206.2,3.5,176.1,0.4,31.9,0.1,161.3,158.9,32,790.5,7.6,82.6,93.7,174.4,1,115.2,290,294.2,COASTAL ANDHRA PRADESH,1938,31.9,294.2,0.4
1070.3,19.7,121.9,3.2,0,3,138.7,80.2,3,490.9,29.7,11.3,60.7,95.8,1,416.7,515.8,150.1,COASTAL ANDHRA PRADESH,1939,0,150.1,3.3
1069,15,186.6,12.4,5.3,0.2,157.4,120.3,5.4,586.4,65.6,202.1,282.6,75.8,1,106.3,194.5,122.1,COASTAL ANDHRA PRADESH,1940,5.2,122.1,12.4
1026.5,8.2,97.4,7.8,13.8,2.6,83,192.7,16.4,557.3,4.1,58.5,70.8,107.8,1,266.4,382,184.1,COASTAL ANDHRA PRADESH,1941,13.8,184.2,7.8
879.8,37.2,196.1,2.4,5.6,2.9,130.9,84.7,8.5,553.7,2.1,30.5,69.9,85.6,1,159.7,247.6,142.1,COASTAL ANDHRA PRADESH,1942,5.6,142,2.3
977.9,72.5,116.6,0.2,5.3,20.2,129.5,142.1,25.5,583.7,1.6,46,120.2,40.2,1,208.2,248.5,195.4,COASTAL ANDHRA PRADESH,1943,5.3,195.5,0.1
1155.9,24.8,157.6,0,19.4,4.9,179.8,132.2,24.3,629.1,96.6,42.5,163.9,33.9,1,304.7,338.6,159.4,COASTAL ANDHRA PRADESH,1944,19.4,159.5,0
991.5,48,185.8,14.7,0,1,193.3,46.6,1,626.8,0,39.9,87.9,19.1,1,242,275.8,201.2,COASTAL ANDHRA PRADESH,1945,0,201.1,14.7
970.2,66,157.7,2,3.8,0,179.4,127.6,3.8,577.9,5.4,60.7,132.1,160,1,94.4,256.4,113.3,COASTAL ANDHRA PRADESH,1946,3.8,113.2,2
1126.2,15.4,216.1,135.5,3,10.3,217.4,86.5,13.4,729.8,0.8,18.3,34.5,58.3,1,154.7,348.5,209.8,COASTAL ANDHRA PRADESH,1947,3.1,209.8,135.5
1024.6,24.8,113.8,1.5,26.8,1.4,193.5,92.7,28.2,632.7,7.4,44.6,76.9,181.6,1,103.7,286.8,232.7,COASTAL ANDHRA PRADESH,1948,26.8,232.7,1.5
1217.3,32.2,179.2,0,0.6,7.7,231.2,97.3,8.3,762.4,2.5,71.2,105.8,21.3,1,319.4,340.7,254.8,COASTAL ANDHRA PRADESH,1949,0.6,254.7,0
986,7,132.3,0.3,17.2,0,221.8,97.8,17.2,644.4,31,52.8,90.7,103.2,1,130.1,233.6,192.5,COASTAL ANDHRA PRADESH,1950,17.2,192.5,0.3
1096.1,46.1,186.5,2.2,0,1.2,285.2,133.7,1.2,779.4,27.9,75.4,149.4,74.2,1,89.7,166.1,174.1,COASTAL ANDHRA PRADESH,1951,0,174,2.2
916.7,28.8,128.8,35.7,17.4,0,130.1,87.4,17.4,476.5,12.2,94.2,135.2,0,1,251.8,287.5,130.2,COASTAL ANDHRA PRADESH,1952,17.4,130.2,35.7
990,21.5,190.6,0.3,0.6,13.2,149.6,136.7,13.8,660.6,0,43.4,64.9,15.6,1,234.8,250.7,183.7,COASTAL ANDHRA PRADESH,1953,0.6,183.7,0.3
1153.5,8,205.7,15.3,0,0.3,218.5,129.7,0.3,820.4,9,37.5,54.5,0,1,263,278.4,266.5,COASTAL ANDHRA PRADESH,1954,0,266.5,15.4
1378.9,14.2,263.6,0.3,0.3,5.1,128.9,118.8,5.4,688.2,18.6,250.1,282.9,76.2,1,325.9,402.4,177,COASTAL ANDHRA PRADESH,1955,0.3,176.9,0.3
1408.5,28.6,163.7,2.7,3.2,4.2,305.2,210.1,7.5,888.3,0.5,89.1,118.1,60.9,1,331.1,394.7,209.3,COASTAL ANDHRA PRADESH,1956,3.3,209.3,2.7
1017.6,14.3,298.1,0,1.8,0.7,149.5,152.6,2.5,799,21.2,28.3,63.7,26.9,1,125.5,152.4,198.8,COASTAL ANDHRA PRADESH,1957,1.8,198.8,0
1605.3,17.5,245.6,0.1,1.8,7.4,281.4,108.5,9.2,851.3,10.7,40.9,69.1,148.4,1,527.2,675.7,215.9,COASTAL ANDHRA PRADESH,1958,1.8,215.8,0.1
1120.7,14.7,230.9,5,10.7,5.8,272.3,178.8,16.4,843.1,0,11.5,26.3,2.6,1,227.3,234.9,161.1,COASTAL ANDHRA PRADESH,1959,10.6,161.1,5
943.6,1.3,92.5,20.3,0.2,1.4,196.4,167.8,1.6,743.9,25.1,18.3,44.7,24.3,1,108.8,153.4,287.3,COASTAL ANDHRA PRADESH,1960,0.2,287.2,20.3
1119.2,9,172.9,2.1,28.4,9.6,199.8,138.6,37.9,692.5,2.3,44.4,55.7,48.7,1,282.3,333.2,181.2,COASTAL ANDHRA PRADESH,1961,28.3,181.2,2.2
1345.5,34.6,179.1,15,8.7,3.7,231.3,121.1,12.3,819.6,0.9,69.6,105.1,35.8,1,357.6,408.5,288.1,COASTAL ANDHRA PRADESH,1962,8.6,288.1,15.1
1023.9,50.2,176.1,0,0,0,137.4,126.6,0,571.4,7,23.5,80.7,0.1,1,371.7,371.8,131.3,COASTAL ANDHRA PRADESH,1963,0,131.3,0
1061,6,226.4,0.7,11.2,0.7,170.1,116.9,11.9,867,1.1,33.5,40.6,64.6,1,76.2,141.5,353.6,COASTAL ANDHRA PRADESH,1964,11.2,353.6,0.7
754.2,35.4,157.5,2.3,1.2,1.4,166.3,52,2.6,583.9,7.1,36.7,79.2,25,1,61.3,88.6,208.1,COASTAL ANDHRA PRADESH,1965,1.2,208.1,2.3
954.7,8.6,163.9,20.9,1.2,40.1,243.3,107.1,41.3,643.1,5,22.8,36.3,146.6,1,66.5,234,128.7,COASTAL ANDHRA PRADESH,1966,1.2,128.8,20.9
843.1,18.6,124.6,51.4,0.1,13.1,245.6,124.3,13.1,635.9,71.8,19.7,110.1,4.6,1,27.9,84,141.5,COASTAL ANDHRA PRADESH,1967,0,141.4,51.5
838.9,42.9,45.5,4.8,11.8,11.3,170.2,70.8,23.1,451.3,13.6,28,84.4,78.1,1,197.2,280,164.8,COASTAL ANDHRA PRADESH,1968,11.8,164.8,4.7
1279.7,5.6,99.8,58.5,0.4,0.2,192.4,125.1,0.7,540,2.7,262.6,270.8,201.7,1,208,468.2,122.7,COASTAL ANDHRA PRADESH,1969,0.5,122.7,58.5
1064.2,18.7,243.5,0,9.7,0.9,182.5,174,10.6,733.4,22.3,95,136,0.8,1,183.3,184.1,133.3,COASTAL ANDHRA PRADESH,1970,9.7,133.4,0
1033.2,104.1,205.3,0,26.4,1,99.8,86.4,27.4,613.5,12.7,88.3,205.1,1,1,186.2,187.2,222,COASTAL ANDHRA PRADESH,1971,26.4,222,0
1028.5,32.1,80.8,13.3,32.5,0,121.3,125.1,32.5,518.8,0,20.7,52.8,86.8,1,324.2,424.4,191.6,COASTAL ANDHRA PRADESH,1972,32.5,191.6,13.4
859.1,1.1,178.4,0.3,0.4,0,158.6,73.3,0.4,542.9,12,45.2,58.3,23.5,1,233.7,257.5,132.5,COASTAL ANDHRA PRADESH,1973,0.4,132.6,0.3
944.9,12.9,132.8,0,1.5,0.1,126.3,120.4,1.6,573.8,11.2,34.9,59.1,36.3,1,274.2,310.5,194.3,COASTAL ANDHRA PRADESH,1974,1.5,194.3,0
1192.4,2.6,210.9,0.3,10.5,0.2,154.2,200.7,10.7,796.5,0.3,33.5,36.4,47.6,1,300.8,348.7,230.8,COASTAL ANDHRA PRADESH,1975,10.5,230.7,0.3
1090.3,22.7,228.8,1.1,1.1,0,199,78.4,1.1,598.5,2.7,36.9,62.3,345.9,1,81.3,428.4,92.2,COASTAL ANDHRA PRADESH,1976,1.1,92.3,1.2
1132.8,62.5,176.8,3,0,1.5,149.7,112.5,1.5,551.2,1.2,102.4,166.1,289.9,1,121,413.9,112.3,COASTAL ANDHRA PRADESH,1977,0,112.2,3
1038.3,29.4,258.5,6,18,9.1,193.1,166.7,27.1,812.5,12.2,19,60.6,54.2,1,77.8,138.1,194.2,COASTAL ANDHRA PRADESH,1978,18,194.2,6.1
934.1,15.2,95.5,15.5,30.2,0.6,97.3,108.7,30.7,534.6,0.1,125.1,140.4,160.6,1,52.2,228.3,233.2,COASTAL ANDHRA PRADESH,1979,30.1,233.1,15.5
1014.8,16.1,176.7,13.8,2.4,0.5,169.3,217.5,2.9,691.5,5.6,31.5,53.2,48.4,1,205,267.2,128,COASTAL ANDHRA PRADESH,1980,2.4,128,13.8
929.3,15.2,149.5,2.1,0.1,16,181.3,99.7,16,694.5,31.4,62.3,108.9,18,1,89.7,109.8,264,COASTAL ANDHRA PRADESH,1981,0,264,2.1
888.5,37.5,148.3,0.1,0.5,1.6,151.2,94.4,2.1,529.5,7.5,47.6,92.7,53.5,1,210.6,264.2,135.7,COASTAL ANDHRA PRADESH,1982,0.5,135.6,0.1
1196,8.8,264.1,10.2,17.3,0.1,188.1,147,17.4,858.5,4.6,56.2,69.6,7.6,1,232.7,250.6,259.2,COASTAL ANDHRA PRADESH,1983,17.3,259.3,10.3
785.2,26.5,123.1,1.6,9.8,5.7,219,89.1,15.5,585.9,1.8,21.2,49.5,20.9,1,111.8,134.3,154.8,COASTAL ANDHRA PRADESH,1984,9.8,154.7,1.6
967.6,7,179.3,45.5,0.4,42.7,198.6,105.1,43.1,571.6,1.7,17.9,26.6,32.6,1,248.2,326.3,88.6,COASTAL ANDHRA PRADESH,1985,0.4,88.6,45.5
1009.7,26.6,336.2,3.7,25.9,32.6,106,101,58.4,638.4,2.2,44.1,72.9,111.9,1,124.4,239.9,95.3,COASTAL ANDHRA PRADESH,1986,25.8,95.2,3.6
1079.9,16.9,163.4,14.2,0.2,20.9,99.7,75.6,21.1,442.2,24,52.9,93.9,243.6,1,265,522.8,103.4,COASTAL ANDHRA PRADESH,1987,0.2,103.5,14.2
1164.8,38.4,269.8,24.6,16.7,0,313.4,68.2,16.7,928.9,2.3,69.6,110.3,5.8,1,78.6,109,277.5,COASTAL ANDHRA PRADESH,1988,16.7,277.5,24.6
1030,7.3,235.5,1.6,0.1,0.1,329.6,128.3,0.2,883,37.4,31.9,76.6,13.2,1,55.5,70.3,189.6,COASTAL ANDHRA PRADESH,1989,0.1,189.6,1.6
1611.1,24.2,223.2,4.3,81.1,10.3,102.5,107.4,91.4,591.5,84.5,507.7,616.4,58.9,1,248.7,311.9,158.5,COASTAL ANDHRA PRADESH,1990,81.1,158.4,4.3
1122.1,17.9,134.4,8.3,3.3,19.6,145.3,215.5,22.8,760.9,6.6,24.5,49,132.4,1,148.7,289.3,265.7,COASTAL ANDHRA PRADESH,1991,3.2,265.7,8.2
1001,9.1,207.2,0,4.3,13.1,208.4,75.6,17.4,637.1,0,45.5,54.6,144.4,1,147.5,291.8,145.8,COASTAL ANDHRA PRADESH,1992,4.3,145.9,-0.1
869.7,26.6,99.3,17.5,9.8,2.2,166.2,73.2,12,511.7,16.6,71.7,114.9,17.5,1,196.2,231.2,172.9,COASTAL ANDHRA PRADESH,1993,9.8,173,17.5
1155.1,30.6,156.5,2.1,17.4,7.2,218.3,62.5,24.6,574.4,3.1,49.2,83,213.4,1,257.6,473.1,137,COASTAL ANDHRA PRADESH,1994,17.4,137.1,2.1
1352,19.8,212.7,6.1,2.5,27.5,225.3,80,30.1,646.6,12,257.8,289.6,50.1,1,329.6,385.8,128.6,COASTAL ANDHRA PRADESH,1995,2.6,128.6,6.1
1210.9,23.7,225.2,11.4,5.8,3.4,206.9,236.8,9.3,829.4,4.4,23.8,51.9,68.9,1,240,320.3,160.5,COASTAL ANDHRA PRADESH,1996,5.9,160.5,11.4
972.1,62.6,128.1,45.7,5.6,15.1,156,63.1,20.7,662.7,19.7,25.2,107.6,51.7,1,83.6,181,315.5,COASTAL ANDHRA PRADESH,1997,5.6,315.5,45.7
1310.8,38.9,252.2,0,35.7,12.6,214.1,136.2,48.3,858,24.7,33.6,97.2,128.6,1,178.6,307.2,255.5,COASTAL ANDHRA PRADESH,1998,35.7,255.5,0
825.1,11,136.6,0,2.7,0.1,154.2,126.4,2.8,554.7,0.2,74.3,85.4,28.3,1,153.9,182.2,137.5,COASTAL ANDHRA PRADESH,1999,2.7,137.5,0
992.3,19.1,311.5,12.4,42.4,0.1,154.1,200.5,42.5,768.9,0.7,68.4,88.3,10.6,1,69.6,92.6,102.9,COASTAL ANDHRA PRADESH,2000,42.4,102.8,12.4
1009.3,54.1,170.7,4.1,3.8,4.6,123,117.2,8.4,598.1,20,50.8,124.8,78,1,196,278,187.2,COASTAL ANDHRA PRADESH,2001,3.8,187.2,4
703.2,34.8,173.5,0,0,28,74.7,115.2,28,435,7.3,35,77.1,14.3,1,148.7,163,71.7,COASTAL ANDHRA PRADESH,2002,0,71.6,0
1096.8,19.4,158.3,101.1,19.4,6.2,241.7,104,25.6,634.1,40.7,12.2,72.3,11.5,1,252.3,364.9,130.2,COASTAL ANDHRA PRADESH,2003,19.4,130.1,101.1
873.6,40.1,125,0.2,11.4,24,192.1,152.8,35.3,571.5,11.6,57.6,109.3,9.4,1,147.9,157.5,101.7,COASTAL ANDHRA PRADESH,2004,11.3,101.6,0.2
1221.6,32.2,105.9,4.2,8,13.6,151.5,88.1,21.6,743.6,17.4,48.4,98,56.2,1,298,358.4,398.1,COASTAL ANDHRA PRADESH,2005,8,398.1,4.2
1159.6,58,279.7,0,0,0,126.8,132,0,762.6,30.7,67.6,156.3,55.3,1,185.4,240.7,224.1,COASTAL ANDHRA PRADESH,2006,0,224.1,0
1099.2,8.5,164.4,0.5,5.1,0,141,300.1,5.1,892.5,0.1,13,21.6,11.9,1,167.7,180,287.1,COASTAL ANDHRA PRADESH,2007,5.1,287,0.4
1107.5,18.5,276.2,1.2,61.6,3.2,208.5,119.8,64.8,771.4,93.8,34.9,147.1,71.4,1,51.6,124.2,166.8,COASTAL ANDHRA PRADESH,2008,61.6,166.9,1.2
790.5,6.4,163.5,1.3,0,0,140.9,72.6,0,528.8,5.7,53,65.1,102.6,1,92.6,196.5,151.9,COASTAL ANDHRA PRADESH,2009,0,151.8,1.3
1712.4,14.8,248.6,138.2,2.3,21.8,318.9,156.1,24.1,954,4.4,162,181.2,210.9,1,204,553.1,230.5,COASTAL ANDHRA PRADESH,2010,2.3,230.4,138.2
861.9,62.3,215.8,5,17.9,0,196,86.8,17.9,628.4,0.9,67.9,131.2,4.9,1,74.6,84.4,129.7,COASTAL ANDHRA PRADESH,2011,17.9,129.8,4.9
1318.4,24,221.2,0,0,37.6,221.9,95.4,37.6,785,2.7,39.3,66.1,289.7,1,140,429.7,246.5,COASTAL ANDHRA PRADESH,2012,0,246.5,0
1120.5,48,123.1,2.8,29.6,2,162.4,127.5,31.7,545,0.2,28.2,76.4,53.1,1,411.5,467.4,132,COASTAL ANDHRA PRADESH,2013,29.7,132,2.8
874.9,6,177.8,6.4,1.2,0.4,151.8,45.7,1.5,519.7,9.1,112.9,128,23.7,1,195.6,225.7,144.5,COASTAL ANDHRA PRADESH,2014,1.1,144.4,6.4
1010.9,32.3,192,2,0.6,2,116,283.8,2.5,793.6,5.5,34.1,71.9,81.2,1,59.7,142.8,201.8,COASTAL ANDHRA PRADESH,2015,0.5,201.8,1.9
827.7,45.2,177.2,0,41.8,6.9,237.8,123.6,48.7,616.4,7.8,22,75,12.2,1,75.5,87.7,77.7,TELANGANA,1901,41.8,77.8,0
630.4,10.7,142.8,7.3,0,0,146.3,52.4,0,532,0.2,7.3,18.2,31.2,1,41.7,80.2,190.5,TELANGANA,1902,0,190.5,7.3
1283.4,9.9,246.7,1.1,4.6,12.9,505.2,99.2,17.5,1042.9,0,40.7,50.5,15.5,1,155.8,172.4,191.9,TELANGANA,1903,4.6,191.8,1.1
526.7,0.8,50,0,0,0,139.5,104.2,0,456,10.8,14.7,26.3,0,1,44.4,44.4,162.3,TELANGANA,1904,0,162.3,0
724.9,27.6,237.3,0,4.3,0,82.4,129.5,4.3,628.4,12.8,32.2,72.6,0,1,19.6,19.6,179.1,TELANGANA,1905,4.3,179.2,0
855.2,2.4,226.7,34.8,1.2,22.5,210.8,211.1,23.7,744.8,13.4,0.7,16.5,14.9,1,20.5,70.2,96.3,TELANGANA,1906,1.2,96.2,34.8
843.7,61.9,263.3,5,3.3,1,160.5,217.5,4.3,758.1,10.2,0.2,72.3,3.6,1,0.3,8.9,116.8,TELANGANA,1907,3.3,116.8,5
982.8,0.3,168.3,0.7,2.6,35.6,254.9,107.4,38.3,931.8,5.2,6.5,12,0,1,0.1,0.8,401.2,TELANGANA,1908,2.7,401.2,0.7
769.5,26.4,168.6,0.2,5.9,0.5,288.3,133.8,6.3,729.2,0.5,2.2,29.1,0,1,4.6,4.8,138.5,TELANGANA,1909,5.8,138.5,0.2
975.9,4.2,150.3,0,0,0,198.2,220.9,0,799.9,0,25,29.2,45.3,1,101.4,146.8,230.5,TELANGANA,1910,0,230.5,0.1
662,0.7,176.3,9.9,0,0,122.1,133.9,0,606.7,7.9,7.8,16.4,6,1,23,39,174.4,TELANGANA,1911,0,174.4,10
743.8,20.4,196.8,0,37.5,0,263.3,28.5,37.5,638.1,0,6.6,26.9,33.4,1,7.8,41.3,149.5,TELANGANA,1912,37.5,149.5,0.1
732.2,8,108.8,9.7,13.4,0,337.2,83.5,13.4,631.3,0,34.6,42.6,0,1,35.2,44.9,101.7,TELANGANA,1913,13.4,101.8,9.7
1083.5,34.1,195.1,2,0,0,271.3,233.1,0,978.1,1.2,41.5,76.8,10.3,1,16.2,28.5,278.6,TELANGANA,1914,0,278.6,2
1022,18.8,236.2,0.1,8.6,15.4,140.4,165.6,24,729,77.8,26.7,123.3,23.6,1,122,145.7,186.8,TELANGANA,1915,8.6,186.8,0.1
1162.6,15.9,137,0,4.1,0,216.4,233.2,4.1,878.4,0,16.1,32,95.1,1,153.1,248.1,291.8,TELANGANA,1916,4.1,291.8,-0.1
1206,34.1,180.1,0,65.5,0,267.5,184.1,65.5,907.3,33,52.7,119.9,6.6,1,106.7,113.4,275.6,TELANGANA,1917,65.5,275.6,0.1
554.7,8.3,89.6,33.9,0,20.2,106.1,97.8,20.2,390.3,32.6,55.5,96.4,7.5,1,6.4,47.8,96.9,TELANGANA,1918,0,96.8,33.9
894.6,35,115.3,7.4,39.2,5.5,139.4,158.8,44.8,543.4,31.3,23.6,89.9,78.5,1,130.6,216.6,129.9,TELANGANA,1919,39.3,129.9,7.5
437,24.4,66.5,0,0,7.4,138.8,62.8,7.4,347.1,1.7,31.4,57.6,0,1,24.9,24.9,78.9,TELANGANA,1920,0,79,0
1003.3,5.4,161.1,0,0,7.1,296.7,200.9,7.1,899.4,0.1,5.5,11,17.9,1,68,85.9,240.7,TELANGANA,1921,0,240.7,0
767.5,6.6,158.3,0,0,55.3,184.3,69.2,55.3,581.9,0,50.1,56.7,50.7,1,23,73.7,170.2,TELANGANA,1922,0,170.1,0
786.2,10.7,80.3,0,5.3,3,222.8,43.5,8.3,680.9,23.3,18,52,1,1,44,45,334.4,TELANGANA,1923,5.3,334.3,0
944.5,9.2,220.2,0,0,37,124.7,62.8,37,695.9,0,34.6,43.8,116.1,1,51.6,167.7,288.2,TELANGANA,1924,0,288.2,0
1167.9,49.8,239.2,3.1,0,0,266.2,168.1,0,821.6,0,97.8,147.6,8.1,1,187.5,198.7,148.1,TELANGANA,1925,0,148.1,3.1
763.5,48.8,205.1,0,2,46.1,227.3,74.7,48.1,577.6,24,24,96.8,0,1,41,41,70.5,TELANGANA,1926,2,70.5,0
1005.5,2,158.5,0,11,9.6,266,248.3,20.7,815.1,4.6,14.3,20.8,89,1,59.9,148.9,142.4,TELANGANA,1927,11.1,142.3,0
1006.4,4.5,191.6,7.4,15.8,0,248.6,143.9,15.8,799.4,47.3,27.9,79.7,0,1,104.1,111.5,215.2,TELANGANA,1928,15.8,215.3,7.4
790.5,21.7,142.2,24.5,64.8,5.3,115,146,70,635.6,0,2.8,24.4,0,1,35.9,60.3,232.5,TELANGANA,1929,64.7,232.4,24.4
835.8,13.5,144.7,0,14.7,0,131.1,184.9,14.7,676.2,5.4,1.7,20.6,64.3,1,60,124.3,215.6,TELANGANA,1930,14.7,215.5,0
1183.1,13.3,155.9,1.6,5.1,0.3,368.6,187.3,5.4,1000,4,25.9,43.3,25.5,1,107.4,134.5,288.1,TELANGANA,1931,5.1,288.2,1.6
949.9,17.6,179,0,40.3,0,300.4,119.7,40.3,772,1.3,25.8,44.6,60.9,1,32,92.9,172.9,TELANGANA,1932,40.3,172.9,0
1396.3,25,226.7,44.5,17.4,12.9,243.4,332,30.3,1064.3,15.7,63.4,104.2,24,1,128.9,197.4,262.2,TELANGANA,1933,17.4,262.2,44.5
927.9,18.3,280.2,0,0,0.1,296.9,111.7,0.1,851.1,0.1,1.2,19.6,42,1,15.2,57.1,162.3,TELANGANA,1934,0,162.3,-0.1
898.5,42.2,162.9,0.5,3.4,16.2,309.7,115.1,19.6,786,1.4,2.7,46.3,2.6,1,43.5,46.6,198.3,TELANGANA,1935,3.4,198.3,0.5
1157,8.4,220.9,15.1,79.1,2.5,268.9,200,81.7,818.2,15.3,73.7,97.4,48.2,1,96.4,159.7,128.4,TELANGANA,1936,79.2,128.4,15.1
866.1,105.6,102.4,3,33.2,0,285.8,77.8,33.2,619.6,28.6,3,137.3,0.9,1,72.1,76,153.6,TELANGANA,1937,33.2,153.6,3
1175.3,16.6,256.5,0,41.3,0,331.6,226.3,41.3,1016.2,14.2,27.8,58.6,0,1,59.2,59.2,201.9,TELANGANA,1938,41.3,201.8,0
740,16.7,202.5,0,0,0,173.2,73.5,0,556.3,22,3,41.7,11.8,1,130.3,142.1,107.1,TELANGANA,1939,0,107.1,0
1082.6,33.6,281.5,8.1,0.5,0,345.8,128.5,0.5,850.6,11.4,91.4,136.4,22.2,1,64.9,95.1,94.7,TELANGANA,1940,0.5,94.8,8
594.4,4.8,149.9,0.4,3.3,16.6,87.9,121.4,19.9,496.7,4.8,17.5,27.2,0.7,1,49.6,50.7,137.5,TELANGANA,1941,3.3,137.5,0.4
906.9,31.7,277.3,1.6,23,0,250.1,160,23,794.7,0.2,30.9,62.7,3.9,1,20.9,26.4,107.4,TELANGANA,1942,23,107.3,1.6
899.3,34.4,133.4,0,0.6,15.2,179.3,180.4,15.8,755.3,1.7,26.9,62.9,2.6,1,62.7,65.2,262.2,TELANGANA,1943,0.6,262.2,-0.1
960.5,5.4,142.4,0,13.7,0,224.1,114.5,13.7,688.7,82.3,15.7,103.4,22.7,1,131.9,154.7,207.7,TELANGANA,1944,13.7,207.7,0.1
1027.4,39,238.4,0,0,4.3,332.1,144.5,4.3,874,0,11.2,50.3,4.8,1,94.1,98.9,159.1,TELANGANA,1945,0,159,0
822.8,21.7,149.5,3.6,15.9,0,287.2,152.1,15.9,673.9,5.2,14.5,41.3,57.5,1,30.7,91.8,85,TELANGANA,1946,15.9,85.1,3.6
1005.5,1.8,315.5,9.7,18,13.4,273.3,59.9,31.4,897,3.3,10.8,15.9,16.2,1,35.3,61.1,248.3,TELANGANA,1947,18,248.3,9.6
915,20,165.4,0,4.6,3.7,239.3,71.4,8.3,718.6,5.1,15,40.1,123,1,25,148,242.5,TELANGANA,1948,4.6,242.5,0
1038.6,13.8,173.6,0,0,0.5,335.5,152,0.6,859.2,2.4,67.9,84.1,0.2,1,94.6,94.8,198.1,TELANGANA,1949,0.1,198.1,0
761.3,0.2,118.5,0.5,34.7,0,222.7,78.4,34.7,673.7,14.2,11.6,25.9,4.7,1,21.8,26.9,254.1,TELANGANA,1950,34.7,254.1,0.4
900.8,20.1,151.7,0,0,0,356,116.8,0,728.3,56.1,31.1,107.3,0.7,1,64.4,65.1,103.9,TELANGANA,1951,0,103.8,0
729.7,12.4,148.9,6.9,16.4,0.5,205.1,80.1,16.9,571.9,0.8,32.5,45.6,0.2,1,88.3,95.3,137.7,TELANGANA,1952,16.4,137.8,6.8
1272.1,26.8,364.5,0,0,5.1,200.9,224,5.1,1058.9,3,0.7,30.5,1.7,1,175.8,177.5,269.5,TELANGANA,1953,0,269.5,0
928.4,4.3,192.5,1.2,0,0,300.4,105.3,0,851.2,13.2,14.4,31.9,0,1,44.2,45.4,252.9,TELANGANA,1954,0,253,1.2
1203.2,9.8,300.1,0,0,1,259.9,230.3,1,1040,2.9,27.8,40.5,5.5,1,116.2,121.7,249.7,TELANGANA,1955,0,249.7,0
1120.5,5.9,133.3,0,1.5,0.7,393.8,220.1,2.2,904.1,1.9,52.9,60.6,59.1,1,94.5,153.5,156.9,TELANGANA,1956,1.5,156.9,-0.1
983.2,33.4,358.5,0,7.7,0,206.9,157.9,7.7,824.1,23.7,18.6,75.8,0,1,75.6,75.6,100.9,TELANGANA,1957,7.7,100.8,0
1113.9,24.7,351.7,0,4.9,2.1,407.5,72.9,7.1,967.3,10,14.1,48.8,20.9,1,69.8,90.8,135.2,TELANGANA,1958,5,135.2,0.1
1224.1,4,348.3,1.7,0.4,1,403.2,163.7,1.4,1128,0,16.3,20.3,4.2,1,68.6,74.5,212.8,TELANGANA,1959,0.4,212.8,1.7
839.5,4.1,82.1,1.4,0,0.7,203.6,223.9,0.7,707.1,32.9,21.9,58.8,12,1,59.4,72.8,197.5,TELANGANA,1960,0,197.5,1.4
1146.5,11.8,209.2,0.2,6.1,0.8,368.3,142.2,6.9,864.1,2.7,46.1,60.6,26.4,1,188.3,215,144.5,TELANGANA,1961,6.1,144.4,0.3
1138.7,47,264.1,34.2,25.1,0.2,270.5,84.5,25.3,908.7,2.1,20.3,69.4,38.6,1,62.5,135.4,289.6,TELANGANA,1962,25.1,289.6,34.3
1010.1,35.5,372.7,0,0.3,0,214.7,179.5,0.3,870.1,4,9,48.5,0,1,91.2,91.2,103.3,TELANGANA,1963,0.3,103.2,0
887.5,2.1,232.3,0,0.2,0,186.3,109.1,0.2,830.1,5.5,0.7,8.3,7.2,1,41.7,48.9,302.4,TELANGANA,1964,0.2,302.4,0
778.9,6.8,152.2,0,0.8,2.7,318.6,124.3,3.5,761.3,4.4,2.7,13.9,0,1,0.1,0.1,166.2,TELANGANA,1965,0.8,166.2,0
970.9,7.9,216.3,31.7,0,19.8,294,67.2,19.8,831.9,2.6,2.7,13.2,34.9,1,39.5,106.1,254.4,TELANGANA,1966,0,254.4,31.7
942.1,8.5,183.7,53.1,0,0.3,320.8,166.7,0.3,810.6,62.7,1.1,72.3,0.2,1,5.6,58.8,139.4,TELANGANA,1967,0,139.4,53
748.7,16,52.3,0.1,15,16.5,188.6,87.6,31.5,560,35.1,7.4,58.5,15.8,1,82.7,98.7,231.4,TELANGANA,1968,15,231.5,0.2
1047.1,9.6,186.4,26.2,0,2.2,265.5,103.2,2.2,833.9,1.4,53.3,64.3,64.4,1,56.1,146.7,278.8,TELANGANA,1969,0,278.8,26.2
970.3,22.5,345.8,0,0.7,6.9,135.6,205.5,7.6,863,4.5,45.8,72.8,0,1,26.8,26.8,176.1,TELANGANA,1970,0.7,176.1,0
729.1,6.9,144.3,0,7.5,7.3,114.1,139.9,14.8,495.4,6.3,37.8,51,0,1,167.9,167.9,97.2,TELANGANA,1971,7.5,97.1,0
670.7,12.7,93.9,4.8,14.6,0,183.9,162.8,14.6,511.9,0.1,12.2,24.9,49.7,1,64.8,119.4,71.3,TELANGANA,1972,14.6,71.3,4.9
1042.5,5.5,367,0.1,0,0,239.4,110.5,0,800.4,1.7,6.4,13.7,5.3,1,223,228.4,83.5,TELANGANA,1973,0,83.5,0.1
830.4,7,171.9,0,0,0,113.1,111.1,0,521,1.8,32.9,41.7,6,1,261.6,267.6,124.8,TELANGANA,1974,0,124.9,0
1215.8,3,194,0,10.5,12.9,269.4,138.8,23.4,949.2,7.7,21.8,32.6,5.7,1,204.9,210.6,347,TELANGANA,1975,10.5,347,0
1035.6,25.6,277.3,0,0,0.2,471.7,85.7,0.2,958,1,10.7,37.3,34.5,1,5.6,40.1,123.4,TELANGANA,1976,0,123.3,0
808.6,8,240,6.7,0,0,253.1,97.4,0,661.5,2.4,42.3,52.6,36.7,1,51,94.5,70.9,TELANGANA,1977,0,71,6.8
1311.7,20.6,376.7,0,19.1,30.7,376.5,261.6,49.8,1130.8,5.9,23,49.5,31.6,1,50.1,81.7,116,TELANGANA,1978,19.1,116,0
791.7,12.6,131.8,7.3,22.8,9.8,156.4,145.9,32.7,634,1.2,48.7,62.5,39.5,1,15.7,62.5,200,TELANGANA,1979,22.9,199.9,7.3
922.6,15.5,294.5,16.2,0,0,210.1,219.6,0,869.9,5.3,8.3,29.1,2.4,1,5,23.6,145.6,TELANGANA,1980,0,145.7,16.2
1143.5,11.7,310.2,2.1,0,10.3,227.5,187.2,10.3,1010,26.2,40.1,77.9,0.8,1,42.5,45.3,285.2,TELANGANA,1981,0,285.1,2
933.2,22.2,184.1,0,0,5.7,265.6,123.8,5.8,747.8,4.2,37.1,63.6,15.3,1,100.8,116.1,174.4,TELANGANA,1982,0.1,174.3,0
1497.5,3.9,416.8,7.5,4.2,0,301.5,158.8,4.2,1255.4,1.7,38.4,43.9,1,1,185.4,194,378.2,TELANGANA,1983,4.2,378.3,7.6
742.8,11.4,119.8,0,8.1,7.3,277.8,104.9,15.5,614.4,4.7,3.5,19.7,2.2,1,91.1,93.3,111.8,TELANGANA,1984,8.2,111.9,0
785.9,15.5,160.8,2.3,0,5.7,223.8,181.4,5.7,636.1,4.7,13.6,33.9,0,1,108,110.3,70,TELANGANA,1985,0,70.1,2.3
1007.3,21.5,406.8,17.3,60.3,29.4,234.9,115.5,89.7,822.8,1.9,9.1,32.5,20.4,1,24.6,62.3,65.6,TELANGANA,1986,60.3,65.6,17.3
976.9,9.5,221.6,1.8,1,15.3,275,133.1,16.2,689.8,18.4,30.5,58.3,116,1,94.7,212.5,60.1,TELANGANA,1987,0.9,60.1,1.8
1544.9,26.6,341.7,7.2,6.5,0,656.2,135.8,6.5,1447.2,1.1,3.4,31.1,2.4,1,50.5,60.1,313.4,TELANGANA,1988,6.5,313.5,7.2
1161,1.9,277.7,8.6,0,0,406,238.5,0,1087.6,39.2,4.9,45.9,1.4,1,17.4,27.4,165.4,TELANGANA,1989,0,165.4,8.6
1425.7,1,471.1,0.1,4.1,4.2,180.2,245.1,8.3,1028.6,35.2,159.8,196.1,12.4,1,180.2,192.7,132.1,TELANGANA,1990,4.1,132.2,0.1
849.1,21.6,122,6,4.1,21.7,268.8,194.5,25.8,686.2,8.9,34.4,65,36.8,1,29.4,72.2,100.8,TELANGANA,1991,4.1,100.9,6
863.5,10.7,271.8,0,0,4.8,180.5,180.5,4.8,731.8,2.5,20.6,33.9,46.1,1,47,93.1,99,TELANGANA,1992,0,99,0
885.6,13.1,146.4,13.2,2,4.9,291.8,83.9,7,709,12.9,29.4,55.3,0.1,1,100.9,114.2,187,TELANGANA,1993,2.1,186.9,13.2
975.7,21.5,256.3,0,12.5,8.6,308.2,115.3,21.1,733.6,0,20.4,41.8,36.2,1,143,179.2,53.9,TELANGANA,1994,12.5,53.8,0
1286,16,209.2,0,0.5,98.7,282.1,135.4,99.3,767.9,22,35.6,73.6,12.6,1,332.7,345.3,141.1,TELANGANA,1995,0.6,141.2,0
986.8,31.1,295.9,7.8,7.9,0,264.1,115.9,7.9,836.1,4.7,13.6,49.4,13.2,1,72.4,93.4,160.2,TELANGANA,1996,7.9,160.2,7.8
856,43.4,154.5,46.9,0.9,22.6,156.7,85.5,23.5,565.9,20.2,21.3,84.9,46.9,1,87.9,181.7,169.1,TELANGANA,1997,0.9,169.2,46.9
1093,15.5,290.5,0,22.2,5.2,264,149.4,27.3,913.2,15.2,27.9,58.5,14.5,1,79.4,93.9,209.3,TELANGANA,1998,22.1,209.3,0
863.8,1.7,190.9,0,9.3,0,205.2,141.6,9.3,715.4,4.6,74.8,81.2,2.2,1,55.7,58,177.6,TELANGANA,1999,9.3,177.7,0.1
1078,16.3,420.5,2.5,16.8,0.6,220.9,253.2,17.5,965.3,1,48.8,66.1,6.4,1,20.2,29.1,70.7,TELANGANA,2000,16.9,70.7,2.5
922.3,37.3,266.8,0,0,8.5,123.8,183.9,8.5,694.3,21.5,7.5,66.4,17.4,1,135.6,153.1,119.9,TELANGANA,2001,0,119.8,0.1
765.3,7.7,321.7,0,10.1,18.8,91.7,143.2,28.9,609,7.6,32,47.3,3.9,1,76.2,80.1,52.4,TELANGANA,2002,10.1,52.4,0
963.2,14,266.5,5.3,10.7,0,312.2,112.6,10.7,794.5,21.9,7.9,43.8,7.3,1,101.7,114.2,103.2,TELANGANA,2003,10.7,103.2,5.2
667,25.9,117.7,0,17.9,34.4,216.7,64.6,52.2,509.1,9.3,34.6,69.8,5.3,1,30.6,35.9,110.1,TELANGANA,2004,17.8,110.1,0
1163.1,23.8,126.9,18.8,14.1,43.4,400.3,115.1,57.5,888.5,14.6,19.7,58.2,3.9,1,136.1,158.8,246.3,TELANGANA,2005,14.1,246.2,18.8
1053,38.6,308.2,0,0,0,169.5,104.8,0,862.7,42.7,46.1,127.5,34.7,1,28.1,62.8,280.2,TELANGANA,2006,0,280.2,0
843.3,0.1,206.6,0,0,0,134.6,176.6,0,780.2,0.1,9.2,9.4,13,1,40.8,53.8,262.3,TELANGANA,2007,0,262.4,0
1035.3,15.7,391.8,0.8,18.6,0.2,183.4,132.9,18.8,854.8,108.6,4.9,129.3,7.5,1,24.2,32.5,146.7,TELANGANA,2008,18.6,146.7,0.8
666.3,4.5,192.3,1.2,0,0,118.4,85.8,0,546.2,2.1,13.1,19.8,29.6,1,69.5,100.3,149.7,TELANGANA,2009,0,149.7,1.2
1276.4,5.6,308.1,9.3,5.3,10.3,395.5,127,15.5,1080.4,1.5,24.9,32,40.5,1,98.7,148.5,249.8,TELANGANA,2010,5.2,249.8,9.3
753.1,25.6,225.9,0,11.9,0,268.2,83.9,11.9,685.6,2.6,9.3,37.4,4.2,1,13.9,18.1,107.6,TELANGANA,2011,11.9,107.6,0
1008.6,14,229.9,0,0,6.7,300.3,124.4,6.7,857,0.2,8.4,22.6,38.7,1,83.6,122.3,202.4,TELANGANA,2012,0,202.4,0
1348.7,24.4,230.6,2.7,29,2.4,453.8,213.4,31.4,1059.2,0.2,8.5,33,16.4,1,205.9,225,161.4,TELANGANA,2013,29,161.4,2.7
746.4,10.3,205.2,0.7,2.9,0.2,146,62.3,3.1,560.2,58.3,73.3,141.9,10.8,1,29.6,41,146.8,TELANGANA,2014,2.9,146.7,0.6
857.3,65.7,160.5,1.7,0,17.5,104.4,266.9,17.5,690.1,43,23.3,132,0.3,1,15.6,17.6,158.3,TELANGANA,2015,0,158.3,1.7
714,12.1,60.3,91.3,50.2,7,73.4,53,57.2,295.6,0,38.9,51,137.2,1,81.6,310.1,109,RAYALSEEMA,1901,50.2,108.9,91.3
818.4,11,148.3,36.4,0.2,10,41.3,73.6,10.1,444.9,1.7,36.8,49.6,88.9,1,188.5,313.8,181.7,RAYALSEEMA,1902,0.1,181.7,36.4
1138.2,3.6,140.6,84,0.1,30,127.5,67.5,30.1,555.3,0,80.5,84.1,289.4,1,95.3,468.7,219.7,RAYALSEEMA,1903,0.1,219.7,84
433.4,7.1,19.4,16.1,0,14.8,75.1,39.8,14.8,219,1.7,58.8,67.6,4.4,1,111.5,132,84.7,RAYALSEEMA,1904,0,84.7,16.1
703.4,18.3,219.3,2,6.8,6.5,50.9,66.1,13.3,372.9,17,44.2,79.6,55.4,1,180.2,237.6,36.5,RAYALSEEMA,1905,6.8,36.6,2
912.6,2.1,154.4,132.2,7.2,115.3,127.9,84.1,122.4,496.8,6.8,9.6,18.5,35,1,107.7,274.9,130.4,RAYALSEEMA,1906,7.1,130.4,132.2
640.4,82.5,34.3,58,0,1.1,100.5,50.5,1.1,283,6.5,8.6,97.7,140.7,1,60,258.7,97.7,RAYALSEEMA,1907,0,97.7,58
617.1,5.5,45.5,6.8,4.3,5.7,65,36.2,10,369.3,4.7,41.2,51.4,27.9,1,151.8,186.4,222.6,RAYALSEEMA,1908,4.3,222.6,6.7
870.6,42.2,290.1,0.3,0,89.2,61.5,34.8,89.2,591.4,0,105.4,147.6,12.8,1,29.4,42.4,205,RAYALSEEMA,1909,0,205,0.2
1001.1,13.1,188.2,0,2.1,0.6,197.9,46.5,2.7,597.9,0.7,33.3,47,148.4,1,205.1,353.5,165.3,RAYALSEEMA,1910,2.1,165.3,0
590.6,20.9,47.5,35.9,0,0,73.6,54,0,282.6,0.8,65,86.7,83.2,1,102.1,221.2,107.6,RAYALSEEMA,1911,0,107.5,35.9
745.5,5.6,93.3,0.2,4.1,1.1,67.3,35.4,5.3,328,0.6,24.3,30.5,223.8,1,157.8,381.8,132,RAYALSEEMA,1912,4.2,132,0.2
616.3,10.8,36.9,65.6,0.4,0,93.3,37,0.4,289.3,0.9,52.8,64.4,12.3,1,184.2,262.2,122.1,RAYALSEEMA,1913,0.4,122.1,65.7
678.3,23.5,130,12.4,1.3,2.4,72.5,65.3,3.6,439.6,1.2,53.2,77.9,61.3,1,83.4,157.1,171.9,RAYALSEEMA,1914,1.2,171.8,12.4
923.1,11.9,59.7,5.9,4.8,44.9,155.3,55.3,49.7,438.2,80.2,47.4,139.5,225.1,1,64.6,295.6,167.9,RAYALSEEMA,1915,4.8,167.9,5.9
1047,7.9,160.2,10.4,1.3,0,210.1,48.1,1.3,601.2,0,32.9,40.8,140.9,1,252.5,403.7,182.9,RAYALSEEMA,1916,1.3,182.8,10.3
933.1,5.4,171.5,21.9,35.6,4.5,63,86.5,40.1,506.6,7.2,63,75.6,105.1,1,183.8,310.8,185.6,RAYALSEEMA,1917,35.6,185.6,21.9
645.8,10.4,74.1,22.8,2.7,60.6,30.8,37.6,63.2,253.8,10.5,69.2,90,211.6,1,4.4,238.7,111.4,RAYALSEEMA,1918,2.6,111.3,22.7
890.5,14.6,33,22.7,0,24.8,151.8,72.3,24.8,494.9,22.4,51.5,88.4,180.6,1,79,282.3,237.8,RAYALSEEMA,1919,0,237.8,22.7
674.8,11.5,86.3,0,1.2,79.5,24.4,42,80.7,308.3,0.4,27.5,39.4,111.5,1,134.9,246.4,155.6,RAYALSEEMA,1920,1.2,155.6,0
743.6,40.7,93.3,5.2,0,43.2,180.3,58.6,43.2,416.6,0,9.1,49.8,43,1,185.8,234,84.4,RAYALSEEMA,1921,0,84.4,5.2
770.3,12,85,10,0,36.9,64.8,48.4,36.9,233.1,0,52,64,306.3,1,120,436.3,34.8,RAYALSEEMA,1922,0,34.9,10
515.8,17.6,24.8,17.3,8.5,23,58.6,40.6,31.6,291.5,18,23.7,59.3,19.6,1,96.7,133.6,167.4,RAYALSEEMA,1923,8.6,167.5,17.3
684.3,12.7,86.2,0.3,0,9.8,83.9,44.7,9.8,417.7,1.2,37,50.9,158.1,1,47.5,205.9,202.9,RAYALSEEMA,1924,0,202.9,0.3
865.5,18.3,135.7,109,0,0,106.3,33.9,0,361.1,5.9,125.9,150.1,108,1,137.3,354.3,85.2,RAYALSEEMA,1925,0,85.2,109
682.6,38.1,92.3,9,0,57.3,87.9,83,57.4,411.2,15,27.8,80.9,43.6,1,80.6,133.2,147.9,RAYALSEEMA,1926,0.1,148,9
682,1.2,76.1,1,1.9,2.9,98.7,67.8,4.8,434.2,0,29.8,31,150.8,1,60.2,212.1,191.6,RAYALSEEMA,1927,1.9,191.6,1.1
711.3,23.2,87.5,30.4,38.7,1.3,85,71.9,40,344.6,10.9,22.8,56.9,37,1,202.4,269.8,100.1,RAYALSEEMA,1928,38.7,100.2,30.4
696.6,35.4,45.7,38.2,10.3,11,36.6,66.6,21.3,314.6,0.2,31.1,66.7,109.4,1,146.5,294.1,165.7,RAYALSEEMA,1929,10.3,165.7,38.2
995.5,7.6,33.1,44,33.9,15.6,45.6,98.1,49.5,314.1,8.3,169.6,185.5,156.6,1,245.8,446.4,137.3,RAYALSEEMA,1930,33.9,137.3,44
719.2,8.9,32.1,63.6,0,0.2,101.2,92,0.2,362.3,2.1,53.9,64.9,92.4,1,135.7,291.8,137,RAYALSEEMA,1931,0,137,63.7
635.8,12.1,128.6,16.2,17.2,0,72.4,59.7,17.2,338.3,0,50.8,62.9,108.6,1,92.6,217.4,77.6,RAYALSEEMA,1932,17.2,77.6,16.2
678.2,14.8,181.7,101.7,1.7,0,74.8,23.5,1.7,336.2,9.4,47.7,71.9,42,1,124.6,268.4,56.3,RAYALSEEMA,1933,1.7,56.2,101.8
611.5,23.2,49.9,5.6,0,21.5,115,84.7,21.5,307.5,0,29.3,52.4,72.9,1,151.5,230.1,57.8,RAYALSEEMA,1934,0,57.9,5.7
782.3,22.9,226.1,11.5,0.6,8.5,92.6,79.7,9,512.3,1.8,17.5,42.2,35.8,1,171.4,218.7,113.9,RAYALSEEMA,1935,0.5,113.9,11.5
695.6,12.7,49.7,10.4,31.9,0.2,75.7,87.7,32.1,362.2,8.3,52.7,73.7,150.4,1,66.8,227.6,149.1,RAYALSEEMA,1936,31.9,149.1,10.4
775.4,93.5,63.7,21.3,9,0.5,105,55.7,9.5,334.8,6.2,25.9,125.6,123,1,161.2,305.5,110.4,RAYALSEEMA,1937,9,110.4,21.3
674.4,1.9,199.4,7,6.7,0,72.4,75.6,6.7,572.2,5.4,54.1,61.3,2.7,1,24.5,34.2,224.8,RAYALSEEMA,1938,6.7,224.8,7
798.2,72.9,85.4,2.2,0,17.4,50,59.3,17.4,337.2,18.3,10.2,101.4,177,1,163,342.2,142.5,RAYALSEEMA,1939,0,142.5,2.2
904.6,29.4,105.3,13.8,0.1,0.3,65.7,91,0.4,390.1,8.8,122.1,160.3,168.3,1,171.7,353.8,128.1,RAYALSEEMA,1940,0.1,128.1,13.8
653.5,7.5,57.5,96.2,7.3,5.6,25.7,34.3,12.9,291.4,0,38.3,45.8,98.3,1,108.8,303.3,173.8,RAYALSEEMA,1941,7.3,173.9,96.2
536.9,15.1,123.2,51.8,0.3,0.4,28.8,86.5,0.7,324.8,0,28.2,43.3,63.2,1,53.1,168,86.3,RAYALSEEMA,1942,0.3,86.3,51.7
1036.5,26.6,78.1,7.3,1.8,22,88.1,33.4,23.7,333.9,0.4,239.8,266.8,95.7,1,309.2,412.1,134.3,RAYALSEEMA,1943,1.7,134.3,7.2
917.4,9.9,69,15.7,10.4,0.2,144.2,87.5,10.6,452,86.9,21.2,118,141.1,1,180,336.8,151.5,RAYALSEEMA,1944,10.4,151.3,15.7
604.1,22.5,107.6,0.5,0,0,160.8,35.1,0,408.8,0,36.7,59.2,75.6,1,60,136.1,105.2,RAYALSEEMA,1945,0,105.3,0.5
953.7,11.8,88.4,198.7,4.1,1.7,60,42.6,5.8,342.2,7.9,41.8,61.4,258.2,1,87.4,544.3,151.1,RAYALSEEMA,1946,4.1,151.2,198.7
624.3,10.3,136.2,11.8,1.4,23.2,124,65.6,24.6,452,0.8,20.3,31.4,17.2,1,87.4,116.3,126.2,RAYALSEEMA,1947,1.4,126.2,11.7
608.9,32.5,105.8,8.1,1.1,4.2,82.9,33.2,5.3,299.7,4.1,36.9,73.6,113.4,1,108.8,230.3,77.7,RAYALSEEMA,1948,1.1,77.8,8.1
826.5,9.1,163.1,0,0,0,137.8,115.6,0,597.3,0.1,68.9,78,53.1,1,98,151.2,180.9,RAYALSEEMA,1949,0,180.8,0.1
510.9,0.7,85.2,0.2,5.9,0.2,66.8,31.4,6.1,319.8,3.4,38.3,42.4,40.9,1,101.5,142.6,136.4,RAYALSEEMA,1950,5.9,136.4,0.2
538.4,45.9,56.9,0.1,0.1,0,106.7,54.8,0.1,284,16.1,78.4,140.4,41.7,1,72.1,113.9,65.6,RAYALSEEMA,1951,0.1,65.6,0.1
701.2,12.2,81.9,134.2,4.3,0,59.6,55.8,4.3,249.8,1.2,183.5,196.9,7.4,1,108.7,250.2,52.6,RAYALSEEMA,1952,4.3,52.5,134.1
795.7,39.2,58.7,0.3,0.5,1.2,125.2,63.7,1.7,389.5,0,19.8,59,35.7,1,309.4,345.4,141.9,RAYALSEEMA,1953,0.5,141.9,0.3
785.4,8.8,79.3,82,0,13.4,208.4,50.6,13.4,411.4,11.9,35.4,56.1,0,1,222.4,304.5,73,RAYALSEEMA,1954,0,73.1,82.1
816.4,13.8,183.2,33,1,15.2,107.3,42.5,16.2,451.7,4.8,135.6,154.3,62.3,1,98.9,194.1,118.8,RAYALSEEMA,1955,1,118.7,32.9
931,56.2,72.3,36,0.1,3.6,144,90.6,3.7,475.6,0,59.4,115.6,79.7,1,220.3,336,168.6,RAYALSEEMA,1956,0.1,168.7,36
571.7,11.4,89.2,0,0.4,1,77,119.2,1.4,358.5,11,41.2,63.7,69.1,1,79.1,148.2,73.2,RAYALSEEMA,1957,0.4,73.1,0
808.4,30.8,219.2,19.8,6.2,2.6,65.6,31.1,8.8,409.5,4.4,44.1,79.3,88.2,1,202.7,310.7,93.5,RAYALSEEMA,1958,6.2,93.6,19.8
635.8,19,92.8,15.3,5.2,0.2,89.1,102.7,5.4,417.5,0,39.4,58.4,61.6,1,77.5,154.4,132.9,RAYALSEEMA,1959,5.2,132.9,15.3
744,6.6,27.1,7.2,0,0.5,89.9,55.5,0.5,396.5,5,41.5,53.1,227.1,1,59.8,294,224,RAYALSEEMA,1960,0,224,7.1
651.5,3,124.7,4.2,7.9,2.4,112.5,96.2,10.4,387.7,0.5,41.4,44.9,62.8,1,141.5,208.5,54.3,RAYALSEEMA,1961,8,54.3,4.2
816.3,44.8,117.1,64.4,4,1.9,40.4,54.2,5.9,352.5,5.4,77.5,127.7,34.4,1,231.4,330.3,140.7,RAYALSEEMA,1962,4,140.8,64.5
709.1,38.1,148.2,30,0.3,7.1,82.6,77.6,7.4,404.4,10.1,26.4,74.6,33,1,159.7,222.7,95.9,RAYALSEEMA,1963,0.3,96,30
791.6,2,89.4,13.6,0,0,213.4,56.6,0,584.5,0,12,13.9,128.4,1,51,193.1,225.2,RAYALSEEMA,1964,0,225.1,13.7
595.9,40.2,168.8,54.3,0.6,0.6,78.6,47.2,1.2,403.9,5.5,15.6,61.2,62.2,1,13.2,129.7,109.4,RAYALSEEMA,1965,0.6,109.3,54.3
904.1,9.7,129.1,36.6,0.2,6.1,96.7,94.5,6.3,464.2,0,45.2,54.9,247.9,1,94.2,378.7,143.9,RAYALSEEMA,1966,0.2,143.9,36.6
737.6,7.3,48.9,104.2,0,16.8,127.3,62.7,16.8,379.9,34.7,51.5,93.4,43.2,1,100.3,247.6,140.9,RAYALSEEMA,1967,0,141,104.1
623.9,38.1,13.6,66.8,2.6,0.1,77.9,45.2,2.6,287,10.8,21.2,70.1,83.6,1,113.7,264.2,150.4,RAYALSEEMA,1968,2.5,150.3,66.9
842.4,5,126.6,58.8,0,0,118.1,61.2,0,355.3,0.9,55.3,61.2,109,1,258.1,425.9,49.3,RAYALSEEMA,1969,0,49.4,58.8
776.4,12.3,201.3,0.5,14.2,0.1,107.5,57.7,14.3,497.6,2.9,76.7,91.9,64.1,1,107.9,172.6,131.2,RAYALSEEMA,1970,14.2,131.1,0.6
621.1,27.7,98.5,23.8,4.8,3.6,60.5,35.3,8.3,285,20,52.1,99.8,40.8,1,163.4,227.9,90.7,RAYALSEEMA,1971,4.7,90.7,23.7
826,13.8,27.4,92.3,0.7,3.2,30.8,110.8,3.9,300.4,0,89.2,103,108.3,1,218.1,418.7,131.5,RAYALSEEMA,1972,0.7,131.4,92.3
689.5,1.5,150.2,35.7,0,0,80.4,51.1,0,423.6,0.1,30.2,31.8,34.2,1,164.1,234,141.9,RAYALSEEMA,1973,0,141.9,35.7
728.5,7.8,68.5,0,0,0,94.5,67.3,0,435.3,0,61.7,69.6,29.5,1,194.1,223.6,204.9,RAYALSEEMA,1974,0,205,0
1041.6,3.8,133.7,5.3,0.1,0.8,176.9,46,0.9,513.4,4.9,46.8,55.5,121,1,345.5,471.8,156.7,RAYALSEEMA,1975,0.1,156.8,5.3
817,11.7,189.3,3.6,0,0.9,134.7,70.4,0.9,444.5,0,14.6,26.3,203.8,1,137.9,345.3,50.1,RAYALSEEMA,1976,0,50.1,3.6
866.6,22.5,140.2,1,0.4,0.4,87.4,98.6,0.8,377.4,2.2,70.4,95.2,175.1,1,217,393.2,51.3,RAYALSEEMA,1977,0.4,51.2,1.1
869.3,30.6,93.3,91.4,7.4,1.6,130,61.7,9.1,481.3,0.5,33,64.1,143.4,1,80,314.8,196.2,RAYALSEEMA,1978,7.5,196.3,91.4
813.4,7,79.7,12.3,19.4,3.2,72.2,49.7,22.6,356.8,0,96.6,103.6,256.6,1,61.5,330.4,155.3,RAYALSEEMA,1979,19.4,155.2,12.3
573.7,6.6,110.5,27.5,0,0,79.5,58.3,0,311.1,1.5,29.5,37.7,158.7,1,38.6,224.8,62.9,RAYALSEEMA,1980,0,62.8,27.5
785.2,10.4,115.2,40.6,0,7.9,100.7,61.4,7.9,487.1,20.5,39.3,70.3,37.6,1,141.7,219.9,210,RAYALSEEMA,1981,0,209.8,40.6
595.6,11.3,32.2,0,0,0.9,72.7,76.7,0.9,287.2,0.6,37.3,49.2,130.4,1,127.8,258.2,105.5,RAYALSEEMA,1982,0,105.6,0
943,4.7,193,87.5,1,0,110,54.8,1,630.3,3.9,54.6,63.2,35.9,1,125.1,248.6,272.5,RAYALSEEMA,1983,1,272.5,87.6
733,12.4,19.1,47.8,81,6.5,162.1,27.8,87.5,340,28.4,10.1,51,127.6,1,79.3,254.7,130.9,RAYALSEEMA,1984,81,131,47.8
685.8,11.9,77.8,40.6,0,17.7,134.3,52.1,17.7,336.4,4.2,13.7,29.8,140.2,1,121.1,301.9,72.3,RAYALSEEMA,1985,0,72.2,40.6
580.9,9.2,54.7,10.3,14.5,68.8,55.9,58.7,83.3,276.3,0,17,26.2,81.8,1,103.1,195.2,106.9,RAYALSEEMA,1986,14.5,107,10.3
769.5,7.9,154.5,88.9,0,5.1,28.8,56.9,5.1,328.3,11.9,28.7,48.5,120.3,1,178.4,387.6,88,RAYALSEEMA,1987,0,88.1,88.9
842.3,43,217.6,30.7,0.4,0.6,178,24.8,1.1,606.5,4,52.9,99.9,61.3,1,42.8,134.8,186.1,RAYALSEEMA,1988,0.5,186.1,30.7
693.7,2.2,26.6,46.1,0,0,245.2,50.4,0,469.1,25.4,24,51.5,75.7,1,51.2,173,146.8,RAYALSEEMA,1989,0,146.9,46.1
930.7,8.1,100.1,10.9,5.5,2.1,62.3,48.9,7.6,396,16.9,138.8,163.8,166.4,1,186,363.3,184.7,RAYALSEEMA,1990,5.5,184.7,10.9
967.5,26.3,101.6,11.7,0,11.5,79.8,187.6,11.5,468.9,6.2,32.4,64.9,219.6,1,191,422.3,99.9,RAYALSEEMA,1991,0,99.9,11.7
596,17.1,89.9,4.6,0,7.7,90.5,39.3,7.7,293.2,0,41.5,58.6,142.7,1,89.3,236.6,73.5,RAYALSEEMA,1992,0,73.5,4.6
887.1,11.3,123.7,94.5,6.7,0,109.5,41.9,6.7,403.2,17,49.3,77.6,132.3,1,172.7,399.6,128,RAYALSEEMA,1993,6.7,128.1,94.6
690.5,25.1,107.8,20.8,13.2,5.3,91.5,34.4,18.6,271.6,2.1,43.8,71,101.1,1,207.4,329.3,38,RAYALSEEMA,1994,13.3,37.9,20.8
874.3,10.4,182.1,4.3,4.8,28.1,156.1,69.4,32.9,501.6,12.8,136.4,159.6,45,1,130.9,180.1,94,RAYALSEEMA,1995,4.8,94,4.2
1277.7,36.6,183.8,144.6,0.9,0,72.2,270.7,0.9,736.8,2.4,32.9,71.9,44.3,1,279.2,468.1,210.1,RAYALSEEMA,1996,0.9,210.1,144.6
835,33.6,80.7,78.8,1.4,16.5,40.8,73.7,17.9,402.5,16.9,36.2,86.6,145.3,1,103.8,327.9,207.4,RAYALSEEMA,1997,1.4,207.3,78.8
948.1,32.7,164.7,44.7,3.1,0.2,126.5,52.8,3.3,546.1,4.3,29,66,141.3,1,146.6,332.6,202,RAYALSEEMA,1998,3.1,202.1,44.7
537.2,11.1,97.4,12,5.1,0.8,50.6,57.6,5.8,268.8,0.5,68.8,80.4,69.8,1,100.2,182.1,63.3,RAYALSEEMA,1999,5,63.2,12.1
871.3,22.1,241.5,36.7,34.3,0,94.7,92.7,34.3,531.8,0.2,73.8,96.1,37.7,1,134.7,209.1,102.9,RAYALSEEMA,2000,34.3,102.9,36.7
924.5,68.2,95.8,38.1,0,7.7,70.1,24,7.7,385.4,6.5,24.5,99.2,41.7,1,352.5,432.3,195.5,RAYALSEEMA,2001,0,195.5,38.1
615.2,17.5,69.8,12.9,3.2,25.6,42.9,90.8,28.8,281.6,7.7,55,80.2,44.2,1,167.5,224.6,78.2,RAYALSEEMA,2002,3.2,78.1,12.9
725.5,15,116.4,9.6,1.3,0,183.4,57.4,1.3,482.2,26.1,4.1,45.2,11.7,1,175.5,196.8,124.9,RAYALSEEMA,2003,1.3,125,9.6
741.7,35.1,23.1,0,4.3,10.2,122.9,39.8,14.5,339.5,12.9,149.7,197.7,65.6,1,124.4,190.1,153.7,RAYALSEEMA,2004,4.3,153.7,0.1
1066.4,38.5,106.6,81.7,13.6,1.3,133.2,51.2,14.9,418.6,14.7,48.4,101.6,144.8,1,304.8,531.2,127.6,RAYALSEEMA,2005,13.6,127.6,81.6
638.1,9.7,72,20,0,0.2,43.2,85.8,0.2,345.7,32.8,62.7,105.2,78.6,1,88.4,187,144.7,RAYALSEEMA,2006,0,144.7,20
980.6,6,186.9,81.8,0.5,0,83.8,208.2,0.5,665,0.1,15.1,21.2,35.3,1,176.9,294,186,RAYALSEEMA,2007,0.5,186.1,81.8
798,4.1,104.9,5.9,18.7,6.4,81.4,31.7,25.1,339.8,62.9,42.1,109.1,192.1,1,126,323.9,121.7,RAYALSEEMA,2008,18.7,121.8,5.8
688.2,8.4,128.5,35.4,0,0.5,33.2,68.9,0.5,386.4,5.3,47.4,61.1,135.6,1,69.3,240.3,155.8,RAYALSEEMA,2009,0,155.8,35.4
963.5,13,155,46.7,0.8,4.7,187.6,108.3,5.5,573.8,0.6,65.4,79,175.1,1,83.4,305.2,122.9,RAYALSEEMA,2010,0.8,122.9,46.7
738,34.6,163.6,35.1,12.1,0.8,128.9,44.5,12.8,408.2,0,33,67.6,106.9,1,107.5,249.4,71.2,RAYALSEEMA,2011,12,71.2,35
715,32.7,120,61.9,0,2.7,139.7,47,2.7,376.2,2.5,38.8,74,86.6,1,113.7,262.1,69.5,RAYALSEEMA,2012,0,69.5,61.8
762.6,26.8,110.3,2.6,30.6,1.3,95.7,73.8,31.9,443,11.5,38.9,77.3,38.6,1,169.3,210.5,163.2,RAYALSEEMA,2013,30.6,163.2,2.6
551.8,5.1,115.1,12.8,0.7,0.2,68.7,66.3,0.9,331.5,12.5,46.7,64.2,37.8,1,104.6,155.2,81.4,RAYALSEEMA,2014,0.7,81.4,12.8
1047.1,73.4,123.6,52.2,0,1.9,43.1,73,1.9,376,13.4,39.7,126.4,383.8,1,106.7,542.8,136.3,RAYALSEEMA,2015,0,136.3,52.3
960.3,36,67.9,80.4,39.1,24.5,49.3,41.8,63.6,350.1,21.7,74,131.6,212.3,1,122.3,415,191.1,TAMIL NADU,1901,39.1,191.1,80.4
1138.2,21.9,113.8,165.8,9.8,67.2,55.1,39.3,77,306.7,25.1,84.7,131.7,174.9,1,282.2,622.9,98.6,TAMIL NADU,1902,9.8,98.5,165.8
1163.9,18.2,115,203.2,7.8,19.3,72.6,58.5,27.1,456.5,1.7,128.5,148.4,200.5,1,128.1,531.9,210.4,TAMIL NADU,1903,7.8,210.4,203.3
663.1,19.5,40.4,49.1,0.1,35.2,89,34.9,35.3,249.9,0.7,121.9,142.1,23.6,1,163.2,235.8,85.7,TAMIL NADU,1904,0.1,85.6,49
821.1,64.8,101.8,3.2,7.5,6.5,39,49.8,14,264.1,17.2,83.7,165.7,123.7,1,250.4,377.2,73.5,TAMIL NADU,1905,7.5,73.5,3.1
990.2,8.5,195.2,127.7,12.9,52.4,76,43.6,65.4,380,17,39.6,65.1,189.1,1,162.8,479.6,65.3,TAMIL NADU,1906,13,65.2,127.7
885.6,78.9,58.2,63.2,1.2,8.4,70.4,46.1,9.6,291.9,25,56.6,160.5,200,1,160.4,423.6,117.2,TAMIL NADU,1907,1.2,117.2,63.2
765,24.5,48.4,20.1,36.9,16.8,37.5,34.2,53.7,274.3,25,70.3,119.8,36.1,1,261,317.2,154.2,TAMIL NADU,1908,36.9,154.2,20.1
954.6,68.6,206.6,20.8,11.2,116.5,36.1,30.8,127.7,379.7,7.7,117.4,193.8,74.7,1,158,253.6,106.1,TAMIL NADU,1909,11.2,106.2,20.9
943.7,26.8,142,0.6,21.2,9.2,148.1,51.5,30.4,394.2,2.4,64.7,93.8,146.7,1,278,425.3,52.4,TAMIL NADU,1910,21.2,52.6,0.6
814.9,30.8,28.9,130.1,1.1,2.8,50.3,70.7,3.9,270.3,6,72.1,108.9,176.2,1,125.6,431.9,120.5,TAMIL NADU,1911,1.1,120.4,130.1
904.1,18.5,74.2,23.9,2.8,5.9,34.8,46.7,8.7,282.4,2.9,64.2,85.6,259.3,1,244.2,527.5,126.7,TAMIL NADU,1912,2.8,126.7,24
878.8,21,62.3,117.7,3.2,2.9,58.7,29.7,6.1,275.4,6.6,64.6,92.2,184.1,1,203.4,505.1,124.8,TAMIL NADU,1913,3.2,124.7,117.6
953.3,34.6,98.4,132,1.9,5.7,37.6,37.9,7.6,306.1,5.6,57.1,97.3,129.1,1,281.2,542.3,132.2,TAMIL NADU,1914,1.9,132.2,132
988.5,37,82.9,61.5,18.1,35.1,117.7,66.4,53.2,399.9,43.6,52.4,133,241,1,99.9,402.3,133,TAMIL NADU,1915,18.1,132.9,61.4
897.4,19.2,125.5,33.2,3.2,0.1,168.6,34.5,3.3,423.4,3.1,61.1,83.3,145.7,1,208.6,387.5,94.7,TAMIL NADU,1916,3.2,94.8,33.2
948.3,11.9,155.7,45.9,39.1,14.3,45.1,72.4,53.4,436.7,32.3,77.5,121.7,167.5,1,123.1,336.5,163.5,TAMIL NADU,1917,39.1,163.5,45.9
871.7,9.9,58.6,88.4,5.4,80.9,40.8,36.2,86.3,182.5,25.9,81.8,117.6,315.1,1,81.8,485.3,47,TAMIL NADU,1918,5.4,46.9,88.4
1028.6,25,51.6,106.4,0.8,22.9,87.8,49.9,23.7,352,16.2,88.5,129.7,264.4,1,152.4,523.2,162.7,TAMIL NADU,1919,0.8,162.7,106.4
1154.2,67.3,74.8,4.7,3.1,135.9,37.3,47.3,139,315.7,3.7,59.6,130.5,404.9,1,159.4,569,156.3,TAMIL NADU,1920,3.1,156.3,4.7
979.4,72.3,129.6,56.1,0,141.2,92.5,55.7,141.3,356.1,1.7,39.5,113.5,76,1,236.4,368.6,78.3,TAMIL NADU,1921,0.1,78.3,56.2
1080.5,34.9,87.1,71.6,18.1,41.9,45.4,48.8,60.1,256.7,2.5,100.1,137.5,291.8,1,262.8,626.2,75.3,TAMIL NADU,1922,18.2,75.4,71.6
834.1,26.6,39.8,109.7,2.5,136,40.5,33.7,138.5,213.8,50.1,30.8,107.5,44.3,1,220.3,374.3,99.8,TAMIL NADU,1923,2.5,99.8,109.7
895.1,30.2,87.1,30.6,0.7,29.7,113.9,54.9,30.4,426.7,31.3,75.4,136.9,163.5,1,107.1,301.2,170.8,TAMIL NADU,1924,0.7,170.8,30.6
1013.3,30.1,91.7,182.8,4.6,17.6,38.7,50.6,22.1,258.3,57.2,85,172.2,229,1,148.9,560.8,77.3,TAMIL NADU,1925,4.5,77.3,182.9
815.6,41.4,70.5,26.1,2.2,88,73.8,38.7,90.2,303.2,30.4,53.7,125.5,119.2,1,151.5,296.7,120.2,TAMIL NADU,1926,2.2,120.2,26
829.9,50.7,77.8,32.5,21.6,18,65.9,83.1,39.6,357.8,17.2,73.7,141.6,171.3,1,87.2,291,131,TAMIL NADU,1927,21.6,131,32.5
970.8,56.9,95.2,98.8,54.9,21,75.5,41.1,75.9,271.5,24,51,131.9,173.8,1,219,491.6,59.7,TAMIL NADU,1928,54.9,59.7,98.8
977.7,107.3,70.7,89.6,29.2,20.4,48.9,63.2,49.6,317.9,9.4,50.7,167.4,192,1,161.2,442.8,135.1,TAMIL NADU,1929,29.2,135.1,89.6
1275.4,34.4,66.7,48.7,60.3,53.6,38.9,68.9,113.9,268.7,21.4,165.7,221.4,186.5,1,436.1,671.4,94.2,TAMIL NADU,1930,60.3,94.2,48.8
1039.8,55.6,81.7,295.8,0,22.7,77.3,40.8,22.7,304.4,3.3,54.2,113,183.4,1,120.3,599.5,104.7,TAMIL NADU,1931,0,104.6,295.8
1109.8,62.9,163.5,78.5,31.9,0.7,56.5,43,32.6,324.6,7.3,109.6,179.8,246.9,1,247.4,572.8,61.6,TAMIL NADU,1932,31.9,61.6,78.5
1010.9,52.5,169.9,105.9,5,2.7,60.7,36.9,7.7,372,41.2,105.3,199.1,124.5,1,201.8,432.2,104.5,TAMIL NADU,1933,5,104.5,105.9
839.7,34.6,56.4,15.9,0.1,99.8,57.5,73.5,99.9,225.5,11.6,49.6,95.9,99.2,1,303.4,418.4,38.1,TAMIL NADU,1934,0.1,38.1,15.8
893.9,63.9,153.4,86.3,2.5,37.5,38.6,60,40,330.6,9.3,23.7,96.9,147.6,1,192.4,426.3,78.6,TAMIL NADU,1935,2.5,78.6,86.3
944.5,35.7,59.4,64.7,51.1,1.9,85.5,56.3,53,323.2,55.3,74.4,165.3,234.5,1,103.7,402.9,122,TAMIL NADU,1936,51.1,122,64.7
1020.1,96.1,118.1,22.8,16.7,10.7,51.1,42.3,27.4,317.2,26.7,59.9,182.7,280.1,1,189.8,492.8,105.7,TAMIL NADU,1937,16.7,105.7,22.9
783.2,44.5,146.3,51.8,52.1,1.2,101.4,53,53.3,417.5,34.8,54.3,133.7,39.3,1,87.5,178.6,116.8,TAMIL NADU,1938,52.1,116.8,51.8
1055.8,132.1,91.3,8.6,5,31.1,35.1,60.4,36.1,283,26,60,218.1,266.2,1,243.8,518.6,96.2,TAMIL NADU,1939,5,96.2,8.6
1178.5,82.8,69.4,95.4,0.7,0.9,59,85.2,1.6,334.8,12.6,131.5,226.9,367.8,1,152,615.2,121.2,TAMIL NADU,1940,0.7,121.2,95.4
1006.9,58.6,84.7,107.5,4.4,31.7,69.6,47.1,36.1,367.8,1.4,70.9,130.9,216.4,1,148.1,472.1,166.4,TAMIL NADU,1941,4.4,166.4,107.6
847.3,78.6,110.1,146.9,0.6,0.5,54.9,53.1,1.1,338.9,6,61.3,145.8,68,1,146.5,361.4,120.8,TAMIL NADU,1942,0.6,120.8,146.9
1187.3,72.1,78.8,43.2,18.5,112,75.3,43.2,130.5,298.4,10.8,204.4,287.3,117.4,1,310.6,471.1,101.1,TAMIL NADU,1943,18.5,101.1,43.1
1227.6,32.7,104.7,130.9,34.6,18.4,73.8,81.8,53,403.9,83.5,46.1,162.3,288.8,1,188.8,608.5,143.5,TAMIL NADU,1944,34.6,143.6,130.9
784,74.7,110.1,15,5.5,4.6,75.1,22,10.1,265.7,5,38.2,117.9,206.8,1,168.4,390.3,58.6,TAMIL NADU,1945,5.5,58.5,15.1
1294.1,45.7,87.7,273.5,1,19.8,59.3,56.8,20.8,344.7,46.4,76.4,168.4,311.2,1,175.5,760.2,140.8,TAMIL NADU,1946,1,140.9,273.5
939.5,92.8,113.4,20,14.8,59.5,125.5,54.1,74.3,420.7,54.4,40.9,188.2,30.5,1,205.9,256.4,127.6,TAMIL NADU,1947,14.8,127.7,20
906.7,35.3,102.3,36.6,9.9,51.7,79.8,67.5,61.6,318.4,10.6,72.5,118.4,226.2,1,145.4,408.3,68.8,TAMIL NADU,1948,9.9,68.8,36.7
840.7,62.3,148.2,2.3,3,8.6,113.6,75.6,11.6,419.7,0.6,98.2,161.2,86.4,1,159.4,248.1,82.3,TAMIL NADU,1949,3,82.3,2.3
747.5,11.8,125.3,34.6,68,2.4,56.1,31.2,70.4,298.1,16.8,54.5,83.1,100.7,1,160.6,296,85.5,TAMIL NADU,1950,68,85.5,34.7
855.1,115.2,94.7,9.6,0.8,11.7,83.6,30.8,12.6,322.5,26.7,83,224.9,187.2,1,98.3,295.1,113.4,TAMIL NADU,1951,0.9,113.4,9.6
716.4,29.5,73.7,167.6,47.7,13.7,74.3,32.9,61.4,219.2,8.9,58.7,97.1,47.2,1,123.8,338.7,38.2,TAMIL NADU,1952,47.7,38.3,167.7
968,97.8,86.2,18.9,15.8,13,111.7,67.6,28.8,396.5,4.8,45.8,148.5,97.1,1,278.2,394.2,131.1,TAMIL NADU,1953,15.8,131,18.9
1016.3,54.2,147.2,107,2.7,77.5,118.5,35.5,80.2,335.1,58.2,77.9,190.3,32.6,1,271,410.6,34,TAMIL NADU,1954,2.7,33.9,107
1060.6,85.3,88.1,145.3,1.3,35.7,73.4,47.8,37,337.4,10.3,149.4,245,130.6,1,165.2,441.1,128.2,TAMIL NADU,1955,1.3,128.1,145.3
989.7,34.3,99.2,45.1,0.5,22.9,46,98,23.4,369.6,1,35.1,70.4,225.5,1,255.8,526.3,126.4,TAMIL NADU,1956,0.5,126.4,45
866.9,14.8,60.8,77.1,10.3,1.2,64,65.4,11.5,263.6,15.1,81.1,111,200.4,1,203.3,480.8,73.5,TAMIL NADU,1957,10.3,73.4,77.1
852.5,49.4,147.7,25.5,6,12.1,47.3,33,18.1,308,27.2,114.7,191.3,154.4,1,155.2,335.2,80,TAMIL NADU,1958,6,80,25.6
894.3,51.4,62.1,53.4,34.8,3.7,60.6,83.5,38.5,305.3,0.1,68.2,119.7,190.4,1,187,430.8,99.1,TAMIL NADU,1959,34.8,99.1,53.4
1013.9,60,55.6,21.2,9.9,5.5,146.8,35.9,15.4,346.7,21,60.9,141.9,354.1,1,134.5,509.9,108.4,TAMIL NADU,1960,9.9,108.4,21.3
910.7,23.9,110.4,56.1,12.7,76,99.4,73.8,88.6,405.7,2.2,71.9,98,107.5,1,154.7,318.3,122.2,TAMIL NADU,1961,12.6,122.1,56.1
941.6,48.4,130.5,47.1,23.6,10,56.7,44,33.6,345.9,13.6,114.1,176.2,63.1,1,275.7,385.9,114.8,TAMIL NADU,1962,23.6,114.7,47.1
1072.8,56.5,88.7,135.9,4.8,76.2,93.1,49.9,81,346.8,39.1,45.1,140.7,195,1,173.4,504.3,115,TAMIL NADU,1963,4.8,115.1,135.9
910.6,11.4,100.8,70.9,1.2,1.6,174.7,31.3,2.7,399.1,15.5,56.8,83.8,166.4,1,187.7,424.9,92.3,TAMIL NADU,1964,1.1,92.3,70.8
921.8,63.8,169.8,202.3,7.2,1.8,55.4,33.5,9,351.4,10.1,40.9,114.8,120.3,1,123.9,446.6,92.7,TAMIL NADU,1965,7.2,92.7,202.4
1166.9,33.4,143.4,99.8,1.6,16,76.4,51.6,17.6,437.5,11.9,51.8,97.1,224.3,1,290.6,614.7,166.1,TAMIL NADU,1966,1.6,166.1,99.8
899.1,19.3,81.2,156.7,1,28.9,69.4,69.1,29.9,295.9,40.4,47.6,107.2,127.1,1,182.3,466.1,76.2,TAMIL NADU,1967,1,76.2,156.7
789.4,85.9,65,72.7,5.6,4.6,53.7,47.9,10.2,304.3,36.5,46.9,169.3,121.1,1,111.8,305.6,137.7,TAMIL NADU,1968,5.6,137.7,72.7
961.8,32.1,139.7,127.1,7.2,1.5,60.9,30.4,8.7,267.8,3.5,57,92.6,190.5,1,275.1,592.7,36.8,TAMIL NADU,1969,7.2,36.8,127.1
942.1,61.8,98.5,15.3,18,15.9,88.9,51.6,34,341.3,9.2,85.4,156.5,199.9,1,195.1,410.3,102.4,TAMIL NADU,1970,18.1,102.3,15.3
1047.6,40.6,127.8,199.6,11.1,19.3,87.2,46.9,30.4,370.9,37.8,75.7,154.2,71.3,1,221.3,492.2,109,TAMIL NADU,1971,11.1,109,199.6
1093.4,14,42.7,200.6,1.2,4,49.2,55.1,5.2,322.3,1,151.1,166.2,126,1,273.1,599.8,175.3,TAMIL NADU,1972,1.2,175.3,200.7
858.5,20.7,87.6,127.1,0.2,0.3,92.3,63.5,0.5,373.7,5.3,57,82.9,79.1,1,195.2,401.4,130.4,TAMIL NADU,1973,0.2,130.3,127.1
652.8,30.4,63.5,22.2,8.9,0.6,79.8,40.6,9.4,361.9,6.7,59.5,96.6,47.8,1,114.8,184.8,178,TAMIL NADU,1974,8.8,178,22.2
923.6,20.8,121.3,36.4,4.3,6,129.1,46.8,10.3,445,34.8,80.8,136.3,130.3,1,165.3,332,147.8,TAMIL NADU,1975,4.3,147.8,36.4
858.9,50.1,129.9,56.6,0.2,1.2,64,48.6,1.4,326.1,8.4,33.8,92.3,244.9,1,137.6,439.1,83.7,TAMIL NADU,1976,0.2,83.6,56.6
1246,45.5,128.3,12.6,24.8,1.4,55.4,50.6,26.2,353,10.4,104.1,160,346.8,1,347.5,706.9,118.6,TAMIL NADU,1977,24.8,118.7,12.6
998.8,35.9,55.4,198.1,11.2,1.4,78.2,29.4,12.6,300.2,10.9,55.2,102,234.6,1,151.4,584.1,137.2,TAMIL NADU,1978,11.2,137.2,198.1
1103.4,15.3,80.2,48.2,43.5,0.7,75.2,60.2,44.2,398.7,12.5,35.1,62.9,416.7,1,132.6,597.5,183.1,TAMIL NADU,1979,43.5,183.1,48.2
709.1,45.9,64.2,47,0,0.1,64.9,37.7,0.1,243,15.4,69.2,130.4,166.2,1,122.3,335.5,76.3,TAMIL NADU,1980,0,76.2,47
1045.9,23.7,91.8,72.5,1.3,8.9,117,57,10.1,466.3,21.7,87.2,132.6,106.4,1,258,436.8,200.5,TAMIL NADU,1981,1.2,200.5,72.4
678.6,25.2,44.5,30.9,0.1,0.2,52.5,49.8,0.3,240.1,8.6,58.8,92.5,200.8,1,114,345.7,93.4,TAMIL NADU,1982,0.1,93.3,30.9
1007.7,5.5,132,242.6,0.2,0.2,77.9,72.9,0.4,437.3,1.9,86.9,94.2,94.5,1,138.7,475.7,154.6,TAMIL NADU,1983,0.2,154.5,242.5
1023.8,45.4,38,58.5,131.3,34.5,149.5,43.6,165.9,382.4,101.7,21.6,168.7,113.5,1,134.8,306.8,151.3,TAMIL NADU,1984,131.4,151.3,58.5
1063.5,43.9,129.7,57.4,5.2,89.7,81.2,108.8,94.9,481.2,11.9,33.4,89.3,233.3,1,107.3,398.1,161.6,TAMIL NADU,1985,5.2,161.5,57.5
953,20.9,115.2,57.1,39,65.5,66.9,63.4,104.4,387.7,16.1,62.7,99.7,133.4,1,170.5,361,142.3,TAMIL NADU,1986,38.9,142.2,57.1
963.5,20,82.8,175,1.2,8,26.1,70.5,9.2,306.4,28.7,50.5,99.2,136.9,1,236.7,548.6,127,TAMIL NADU,1987,1.2,127,175
837.2,94.6,149.8,33.1,3.8,0.2,102.6,41.1,4,429.7,27.4,59.1,181.1,117.6,1,71.8,222.4,136.1,TAMIL NADU,1988,3.8,136.2,33
856.5,40.8,39.7,39.8,0,2.7,154.9,57.4,2.7,389.2,27.9,53.6,122.2,154,1,148.6,342.4,137.3,TAMIL NADU,1989,0,137.2,39.8
903.2,24.3,80.1,46.1,10.2,84.8,40,28.9,95,268.7,36.2,94.9,155.3,144,1,194.1,384.2,119.6,TAMIL NADU,1990,10.2,119.7,46.1
954.8,37.4,71.7,21.4,4.6,24.2,54.7,128.1,28.9,368.5,9.7,29.5,76.6,234.4,1,225.1,480.9,114,TAMIL NADU,1991,4.7,114,21.4
918.7,22.5,59.9,52.1,0.2,3.1,77.9,66.4,3.3,361.4,0,58.3,80.8,297.2,1,123.9,473.2,157.3,TAMIL NADU,1992,0.2,157.2,52.1
1082.3,11.2,88.8,163.1,7,0.1,60.3,68.2,7.1,314,9.9,46.6,67.7,315.9,1,214.5,693.5,96.7,TAMIL NADU,1993,7,96.7,163.1
905.9,48.3,66.1,27,27.6,7,75.3,38.6,34.6,264.2,5.5,66.6,120.5,229.1,1,230.6,486.6,84.2,TAMIL NADU,1994,27.6,84.2,26.9
843.4,39.5,121.1,3.7,3.3,23.8,86.7,64.6,27.1,366.4,16.7,139,195.2,107.9,1,143.1,254.7,94,TAMIL NADU,1995,3.3,94,3.7
1069.4,91.5,112.4,237.6,3.6,7.6,55.4,125.3,11.3,434.3,5,34,130.5,106,1,149.7,493.3,141.2,TAMIL NADU,1996,3.7,141.2,237.6
950.5,42,56.4,135.2,0.2,7.7,63.5,50.4,7.9,286.3,2.3,49.2,93.5,258.1,1,169.5,562.8,116,TAMIL NADU,1997,0.2,116,135.2
1079.7,23.6,152.9,197.4,5.7,6.9,101.9,43,12.5,419.6,4.1,55.8,83.6,242,1,124.7,564,121.8,TAMIL NADU,1998,5.6,121.8,197.3
922.6,56.9,74.8,53.6,24.1,8.3,55.3,46.4,32.3,249.6,3.9,74.5,135.3,182.8,1,268.9,505.3,73.1,TAMIL NADU,1999,24,73.1,53.6
972,41.6,136.1,88.9,74.5,30.3,45.8,52.2,104.7,403.9,9.4,54.7,105.6,148.6,1,120.3,357.8,169.8,TAMIL NADU,2000,74.4,169.8,88.9
483.4,93.8,18.7,27.6,10.9,21.8,37.2,39.9,32.7,149.5,13,45,151.8,52.3,1,69.5,149.3,53.8,TAMIL NADU,2001,10.9,53.7,27.5
318,9.2,26.5,12.2,22.1,2.9,11.8,23.7,25,94.2,3.9,32.6,45.7,47.2,1,93.7,153.1,32.2,TAMIL NADU,2002,22.1,32.2,12.2
348.5,17.1,49.3,7.1,4.1,0.3,38.7,22.5,4.4,136.6,18,19.8,54.8,59.5,1,86,152.6,26.1,TAMIL NADU,2003,4.1,26.1,7.1
1037.6,16.2,85.1,25,0.7,2.8,98.6,21.2,3.5,413.2,3,101.1,120.3,204.5,1,271.1,500.6,208.3,TAMIL NADU,2004,0.7,208.3,25
1365.3,128,93.3,148.5,11.1,4.1,87.9,35.7,15.2,334.8,24.4,80.6,233,353.4,1,280.5,782.3,117.9,TAMIL NADU,2005,11.1,117.9,148.4
927.9,32.6,73.4,26.1,0.2,15.3,33.6,57.2,15.5,280.6,52.4,65.2,150.2,215.1,1,240.4,481.6,116.3,TAMIL NADU,2006,0.2,116.4,26.1
1067.2,58,136.5,219.9,7.5,7.2,101,73.1,14.7,399.7,1.8,44.9,104.7,79.2,1,248.9,548,89.1,TAMIL NADU,2007,7.5,89.1,219.9
1203.4,31.5,126.5,50.1,29.1,11.7,73.1,51.1,40.8,321.5,164.7,53.7,250,298.5,1,242.7,591.2,70.7,TAMIL NADU,2008,29.1,70.8,50
928.5,41.4,96.9,106.2,0,7.9,42.1,27,7.9,280.4,41,74.8,157.2,314.7,1,62.1,482.9,114.4,TAMIL NADU,2009,0,114.4,106.1
1095.2,22.9,102.9,124.5,0.2,11.8,81.4,70,11.9,365.4,1.9,91.9,116.7,328.6,1,148.1,601.2,111.1,TAMIL NADU,2010,0.1,111.1,124.5
926.5,91.5,128.9,41,11.2,4.3,45.5,56,15.5,306.4,8,33.4,132.8,230.5,1,200.4,471.8,76,TAMIL NADU,2011,11.2,76,40.9
636.1,35.5,98,14,0.1,3,46.5,30.1,3.1,259.5,2.5,41.9,79.9,44.5,1,235.2,293.6,84.9,TAMIL NADU,2012,0.1,84.9,13.9
741.9,20.3,110.7,53.2,30.9,3.9,42.7,54.6,34.8,321.5,30,42,92.2,112.3,1,127.9,293.4,113.5,TAMIL NADU,2013,30.9,113.5,53.2
913,8.3,117.7,66,6.1,7.4,50.6,47.8,13.4,315.1,8.1,139.1,155.5,110.8,1,252.2,428.9,98.9,TAMIL NADU,2014,6,99,65.9
1204.6,108.8,81.6,152.8,2.3,8.3,43.5,62.4,10.6,285.9,21.7,112.4,242.8,379.8,1,132.6,665.3,98.4,TAMIL NADU,2015,2.3,98.4,152.9
3056.9,52.4,606.4,17.8,0.6,1.8,991.2,960.9,2.4,2666.6,10.7,81.6,144.7,104.9,1,120.5,243.3,108,COASTAL KARNATAKA,1901,0.6,108.1,17.9
3699.2,10.2,454.2,132.2,0.3,3.2,1401.6,698.4,3.5,3262.6,4.9,54.6,69.7,50.8,1,180.4,363.5,708.4,COASTAL KARNATAKA,1902,0.3,708.4,132.3
3317.4,4.1,593.8,5.3,0,0.7,1405.5,536.5,0.7,2840.1,0,202.8,206.9,79.3,1,185,269.6,304.4,COASTAL KARNATAKA,1903,0,304.3,5.3
3141.1,23.7,465.6,0,0,2.4,1070,1108.2,2.4,2889.1,4.8,93.2,121.7,0.7,1,127.2,127.9,245.3,COASTAL KARNATAKA,1904,0,245.3,0
2652.3,6.4,586.9,0,0.2,0,777.3,767.3,0.2,2304.3,0,83.1,89.4,36.1,1,222.2,258.4,172.9,COASTAL KARNATAKA,1905,0.2,172.8,0.1
2836,0.5,535,56.8,0,23,1173.4,593.6,23,2575.2,0,29.8,30.3,22.1,1,128.5,207.5,273.3,COASTAL KARNATAKA,1906,0,273.2,56.9
3535.2,91.3,1026.1,9.8,0,7,1166.3,845.9,7,3261.9,2.7,19,113,55.8,1,87.7,153.2,223.6,COASTAL KARNATAKA,1907,0,223.6,9.7
3655.5,46.1,766.6,0,3.1,0,1904.9,708.6,3.1,3508.1,0.9,38,85,2.5,1,56.8,59.3,128,COASTAL KARNATAKA,1908,3.1,128,0
3172.9,6.3,315.6,3.2,1,4,1285.6,943.1,5,2838.1,3.7,200.1,210.1,47.8,1,68.8,119.8,293.8,COASTAL KARNATAKA,1909,1,293.8,3.2
3020.8,6.2,651.2,0,0,0,589.5,1042.2,0,2724.7,5,40.2,51.4,67,1,177.8,244.8,441.7,COASTAL KARNATAKA,1910,0,441.8,0
2522.3,3.2,538.3,17.5,0,0,830.1,749.5,0,2228.2,0,71,74.2,41.6,1,160.8,219.9,110.3,COASTAL KARNATAKA,1911,0,110.3,17.5
3395.9,30.5,789.2,0.4,0,1.1,1261.5,787.6,1.1,2999.1,0,64,94.4,80.1,1,220.9,301.4,160.8,COASTAL KARNATAKA,1912,0,160.8,0.4
2836.3,10.6,410.7,4,0.4,0,1048,786.5,0.4,2406.3,0.5,74.2,85.3,1.2,1,339.1,344.3,161,COASTAL KARNATAKA,1913,0.4,161.1,4
3872.7,7.2,933.8,36.6,0,0,1583.7,743.2,0,3563.4,0,36.9,44.1,102.7,1,125.9,265.2,302.8,COASTAL KARNATAKA,1914,0,302.7,36.6
2648.7,48.8,388.9,4.2,2.3,0.1,773.2,785,2.3,2250.9,2,75.2,126,96.9,1,168.3,269.4,304,COASTAL KARNATAKA,1915,2.2,303.8,4.2
3467.9,25.2,617,0,0,0,633.5,1051.4,0,2889.7,0.3,88.7,114.3,255.2,1,208.7,463.9,587.8,COASTAL KARNATAKA,1916,0,587.8,0
3424.1,10.2,597.6,0,29.8,0,766.1,1075.7,29.8,2939.9,7.1,52.6,70,64.8,1,319.6,384.4,500.5,COASTAL KARNATAKA,1917,29.8,500.5,0
2510.9,11.4,485.4,14.2,0.3,3.4,360.6,564.4,3.7,1544.7,3.9,699.5,714.9,168.8,1,64.7,247.7,134.3,COASTAL KARNATAKA,1918,0.3,134.3,14.2
2918.1,2.4,632.7,9.3,0,0,960.9,669.9,0,2471.8,0,74.4,76.8,124,1,236.2,369.6,208.3,COASTAL KARNATAKA,1919,0,208.3,9.4
2789.2,72.7,464.7,0,0,2.1,1107.5,813.3,2.1,2519,0.1,29.2,102,36.3,1,129.8,166.1,133.5,COASTAL KARNATAKA,1920,0,133.5,0
3007.4,62.4,841.6,0,0,13,871.9,699.4,13,2740,3.5,18.6,84.5,41.3,1,128.6,170,327.1,COASTAL KARNATAKA,1921,0,327.1,0.1
3332.6,44.8,564.9,0,3.1,6.5,1333.2,763.1,9.7,2975.6,0,123.4,168.2,89.4,1,89.8,179.1,314.4,COASTAL KARNATAKA,1922,3.2,314.4,-0.1
3681.1,9.8,1013.2,5.8,0.2,0.8,1627.2,604.8,1,3528.5,32.2,52.8,94.7,6.6,1,44.4,56.9,283.3,COASTAL KARNATAKA,1923,0.2,283.3,5.9
3528.9,46,602.7,5.2,0,0,1515.4,889.6,0,3290.5,14.8,47.2,108,30.8,1,94.4,130.4,282.7,COASTAL KARNATAKA,1924,0,282.8,5.2
3581.3,20.8,733.7,17.2,0,0,1117.2,1176.4,0,3108.7,17.1,176.6,214.6,27.7,1,213.2,258.1,81.5,COASTAL KARNATAKA,1925,0,81.4,17.2
2956.4,7.3,850.3,0.1,2,12.3,976.4,686.3,14.3,2771.7,0.1,15.3,22.6,4,1,143.6,147.7,258.7,COASTAL KARNATAKA,1926,2,258.7,0.1
3216.4,21.5,535.8,0,0,0,1313.2,683.4,0,2852.3,0.6,80.1,102.2,151.3,1,110.5,261.9,319.9,COASTAL KARNATAKA,1927,0,319.9,0.1
3339.6,36.3,836.6,9.3,29.3,0.1,1108.8,844.6,29.4,2897.4,21.7,17.1,75,12,1,316.4,337.7,107.4,COASTAL KARNATAKA,1928,29.3,107.4,9.3
3663.6,105.6,566.9,0.2,0.2,1.9,901.3,1361.6,2.2,3095,2.5,114.7,222.8,61.4,1,281.9,343.5,265.2,COASTAL KARNATAKA,1929,0.3,265.2,0.2
2913,19.3,420.8,12.6,0.2,1.2,706.8,910.9,1.4,2439.7,0,171.5,190.8,14.2,1,254.1,281,401.2,COASTAL KARNATAKA,1930,0.2,401.2,12.7
3842.4,33.4,1201.9,56.5,0,0,1244,673.4,0,3374.8,2.4,85.1,120.9,106.7,1,183.5,346.7,255.6,COASTAL KARNATAKA,1931,0,255.5,56.5
3423.4,25.4,457.2,7.3,0,0,1072.4,661.5,0,2661,0,255.4,280.8,125.6,1,348.7,481.6,469.9,COASTAL KARNATAKA,1932,0,469.9,7.3
4139.5,60.6,481.3,35.6,0.1,0,1326.6,1031.9,0.1,3342.4,5.4,360.3,426.3,42.3,1,292.8,370.7,502.5,COASTAL KARNATAKA,1933,0.1,502.6,35.6
3011.8,16,678.2,1,0.6,7.4,827.5,1095.6,8,2785.3,1,24.4,41.5,32.7,1,143.2,176.9,184.2,COASTAL KARNATAKA,1934,0.6,184,1
2886,11.3,425.5,9.9,0,2,1168.1,674,2,2580.2,0.7,25.2,37.1,11.9,1,245,266.8,312.5,COASTAL KARNATAKA,1935,0,312.6,9.9
3324.7,14.7,562.3,4.1,0.9,0,981.6,1075.6,0.9,2815.1,23.3,138.7,176.6,108.6,1,219.4,332.1,195.6,COASTAL KARNATAKA,1936,0.9,195.6,4.1
3314.2,110.1,365.7,3.2,0,0,1531.7,740.8,0,2912.3,5.7,30.3,146.1,11.8,1,240.8,255.8,274.1,COASTAL KARNATAKA,1937,0,274.1,3.2
3150.9,43.3,429.9,0.3,0,0,950.2,1025.3,0,2779.4,15.5,138.2,197,39.9,1,134.3,174.5,374,COASTAL KARNATAKA,1938,0,374,0.3
2744.2,35.9,631.4,0.2,0,0,903.9,725.7,0,2388.2,5.4,8.4,49.7,73.4,1,232.6,306.2,127.3,COASTAL KARNATAKA,1939,0,127.2,0.2
3723.9,26.9,1247.4,5.5,0,0.1,1155.7,713.8,0.1,3217.3,0.2,131,158,120.5,1,222.5,348.5,100.4,COASTAL KARNATAKA,1940,0,100.4,5.5
2515.1,18.1,561.6,35.3,1.2,4.1,589.8,869.7,5.3,2246,5.5,60.5,84.1,21.6,1,122.8,179.7,224.9,COASTAL KARNATAKA,1941,1.2,224.9,35.3
3502.6,77.2,540.3,22.4,1.7,0,1338.3,1104.8,1.7,3172.8,0.3,72.5,149.9,25.9,1,129.9,178.1,189.5,COASTAL KARNATAKA,1942,1.7,189.4,22.3
3577.2,7.1,314.5,0,1.7,22.4,994.4,941.8,24.1,2712.2,1.3,455.2,463.6,97,1,280.2,377.2,461.5,COASTAL KARNATAKA,1943,1.7,461.5,0
2984.5,3.3,451.2,11.8,0.7,0,1204,777.8,0.7,2494.5,18.2,106.5,128,81.9,1,267.6,361.3,61.6,COASTAL KARNATAKA,1944,0.7,61.5,11.8
3079.3,19.7,493.2,0,0,2.6,1296.1,824.7,2.6,2908.7,0,24.5,44.1,60.7,1,63.2,123.8,294.7,COASTAL KARNATAKA,1945,0,294.7,-0.1
4041.4,41.7,1086.6,37.7,1.5,0,1001.2,1227,1.5,3546.3,3.9,80.8,126.4,180.6,1,148.9,367.2,231.5,COASTAL KARNATAKA,1946,1.5,231.5,37.7
3338,45.2,899.5,26.3,9.2,1.7,1247.9,630.6,10.9,3167.3,13.9,18.7,77.7,7.1,1,48.7,82,389.5,COASTAL KARNATAKA,1947,9.2,389.3,26.2
3626.6,55.6,973.2,0.2,0,16.5,1102.9,848.8,16.5,3226.2,8.4,66.1,130.1,163,1,90.6,253.7,301.3,COASTAL KARNATAKA,1948,0,301.3,0.1
3362.4,12,585.4,0,0,3.3,1157.1,691.6,3.3,2872.1,1.2,293.1,306.3,32,1,148.8,180.8,438,COASTAL KARNATAKA,1949,0,438,0
3766.1,3.9,456.1,0.1,1,0,1506.7,801.6,1,3481,0.2,89.3,93.4,54.1,1,136.6,190.8,716.5,COASTAL KARNATAKA,1950,1,716.6,0.1
3124.3,55.4,441.1,0.4,0,0,1083.4,940.2,0,2733.6,0.9,70.7,127,76.2,1,187.1,263.6,268.9,COASTAL KARNATAKA,1951,0,268.9,0.3
2896.6,35.4,631.4,25.6,0.5,0,816.6,912.1,0.5,2414.8,0,84.8,120.2,0,1,335.5,361.1,54.7,COASTAL KARNATAKA,1952,0.5,54.7,25.6
3463.3,48.2,633.6,0,0,0.3,1630.1,666.2,0.3,3089.9,0,8.6,56.8,2.9,1,313.4,316.3,160,COASTAL KARNATAKA,1953,0,160,0
3821.5,61.1,688.7,12.1,0,0.5,1357.4,1034.4,0.5,3502.2,21.6,89.8,172.5,0.6,1,133.6,146.2,421.8,COASTAL KARNATAKA,1954,0,421.7,12
3552.5,29.9,702.2,2.8,0,0.3,639.3,962.7,0.3,2762.4,4.7,360.3,394.9,31,1,361.1,394.9,458.2,COASTAL KARNATAKA,1955,0,458.2,2.8
3856.6,78.4,520,0.7,0.8,0,1155.8,1001,0.8,2944.5,1,412.7,492.1,129.9,1,288.5,419.1,267.6,COASTAL KARNATAKA,1956,0.8,267.7,0.7
3174.8,8.5,703.9,0.1,0,0,1101.1,755.8,0,2658.7,1.5,168,178.1,148.9,1,189,338,98,COASTAL KARNATAKA,1957,0,97.9,0.1
3687.4,46.6,705.8,2.8,0.1,0.5,1253.7,1031.4,0.6,3287.9,1.7,184.8,233.1,49.1,1,114.1,165.9,296.9,COASTAL KARNATAKA,1958,0.1,297,2.7
4330.8,30.4,704.1,21.7,0,0,1727,994.4,0,3947.1,0,204.4,234.8,52,1,75.3,148.9,521.6,COASTAL KARNATAKA,1959,0,521.6,21.6
3504.2,40.7,510.5,0,0,0,1053.2,790.6,0,2804.7,8.5,393.7,442.9,87.6,1,169,256.6,450.5,COASTAL KARNATAKA,1960,0,450.4,0
5553.9,47.7,936.3,2.7,0,0,1884.9,1013,0,4536.9,0.9,635,683.6,21,1,309.6,333.4,702.8,COASTAL KARNATAKA,1961,0,702.7,2.8
4017.7,31.6,1080.9,83.3,3.4,0.2,1307.9,405.4,3.6,3207.7,0.1,359.4,391.1,18.5,1,313.4,415.3,413.5,COASTAL KARNATAKA,1962,3.4,413.5,83.4
3171.3,38.5,1013.8,10,0.7,1.1,887.6,682.3,1.8,2764.7,28.6,86,153,8.2,1,233.7,251.8,181,COASTAL KARNATAKA,1963,0.7,181,9.9
3140.5,5.8,978.1,17.6,0,0,864,631.7,0,2837.8,2.6,23.4,31.8,53.1,1,200.2,271,363.9,COASTAL KARNATAKA,1964,0,364,17.7
2831.1,9.7,577.2,159.8,0,2.5,1002.5,797.8,2.5,2574.2,0,39.7,49.4,20.1,1,25.1,205,196.8,COASTAL KARNATAKA,1965,0,196.7,159.8
2976.6,11.8,278.3,62.8,0,3.7,1122.4,577.9,3.7,2278.2,0.8,196,208.6,231.5,1,191.9,486.2,299.6,COASTAL KARNATAKA,1966,0,299.6,62.8
3181.8,18.5,673.4,4.5,0,2,1368.5,658.7,2,2937.8,0.1,86.7,105.3,7.4,1,124.8,136.8,237.1,COASTAL KARNATAKA,1967,0,237.2,4.6
3461,43.7,456.3,0.1,0,2,1550.5,826.6,2,3138.3,6.3,19.2,69.1,30.1,1,221.4,251.5,304.9,COASTAL KARNATAKA,1968,0,304.9,0
3342.9,44.8,488.2,11.4,0,0,1253.9,704.8,0,2989.6,1.2,49.9,95.8,82.6,1,163.4,257.5,542.7,COASTAL KARNATAKA,1969,0,542.7,11.5
4042,30.9,1130.5,0,0,0,1259.2,843.7,0,3562.2,2,260.4,293.3,28.7,1,157.8,186.5,328.7,COASTAL KARNATAKA,1970,0,328.8,0
3235.2,23.5,532.6,2.5,0.1,0,1017,1113.2,0.1,2878.4,0.4,268.3,292.2,7,1,55.2,64.6,215.6,COASTAL KARNATAKA,1971,0.1,215.6,2.4
2856.9,17,522.9,5.8,0.5,0,1068.8,716.9,0.5,2439.8,0.2,153.4,170.5,38.7,1,201.6,246.1,131.2,COASTAL KARNATAKA,1972,0.5,131.2,5.8
3126,15.3,915.9,5.4,0,0,982.1,765.5,0,2842,0,83,98.3,39.6,1,140.7,185.7,178.5,COASTAL KARNATAKA,1973,0,178.5,5.4
3433.5,25.8,741.7,0,0,0,1465.9,474.7,0,3044.1,5.5,168.1,199.4,7.6,1,182.4,190,361.8,COASTAL KARNATAKA,1974,0,361.8,0
4300,8,958.6,0.1,0,0.3,1095.5,1327.8,0.3,3919.1,7,103,118,63.1,1,199.5,262.6,537.1,COASTAL KARNATAKA,1975,0,537.2,0
2933.9,20.3,644.4,10.6,0,0,1187.1,492.7,0,2670.6,8.1,35.8,64.2,138.3,1,50.3,199.1,346.4,COASTAL KARNATAKA,1976,0,346.4,10.5
3379,24.7,441.1,0,1.9,0,1290.3,855.7,1.9,2853.6,3.3,116.1,144.2,180.8,1,198.5,379.3,266.5,COASTAL KARNATAKA,1977,1.9,266.5,0
3862.9,11.8,745.4,13.8,0.5,0.3,1222.5,1212.6,0.8,3387.2,0,251.6,263.4,76.3,1,121.5,211.5,206.7,COASTAL KARNATAKA,1978,0.5,206.7,13.7
2823.4,11.7,619.4,3.3,0.2,0.8,962.7,735.3,1,2556,0.2,12.2,24,111.8,1,127.3,242.4,238.6,COASTAL KARNATAKA,1979,0.2,238.6,3.3
3762,78.6,1004.7,4.1,0,0,1057.7,1193.3,0,3455.2,0.8,57.1,136.5,71.3,1,95,170.3,199.5,COASTAL KARNATAKA,1980,0,199.5,4
3848.6,17,1187.4,3.2,0,0.7,1049.3,1013.7,0.7,3591,1.9,58.1,76.9,56.7,1,119.9,179.9,340.7,COASTAL KARNATAKA,1981,0,340.6,3.3
4090.9,3.2,1579.1,0.3,0.3,0,1258.7,808.6,0.3,3798.2,0.3,87.5,91.1,62.6,1,138.3,201.2,151.8,COASTAL KARNATAKA,1982,0.3,151.8,0.3
3942.2,0,1231.8,25.2,0,0,1160.4,712.6,0,3701.5,0,24.4,24.4,50.3,1,140.9,216.4,596.5,COASTAL KARNATAKA,1983,0,596.7,25.2
3359,46.7,613.6,0.1,6,4.3,1084.1,1110.2,10.3,3004.6,34.2,24,104.9,11.2,1,227.9,239.2,196.8,COASTAL KARNATAKA,1984,6,196.7,0.1
3015.7,12.9,844.3,11.7,0,5.3,668.5,977.9,5.3,2621.3,1.6,76.9,91.4,27.5,1,258.6,297.8,130.6,COASTAL KARNATAKA,1985,0,130.6,11.7
2934.5,6.2,808.9,2.5,0.1,0.3,723.3,976.5,0.4,2685,4.8,20.9,32,112.5,1,102.2,217.1,176.3,COASTAL KARNATAKA,1986,0.1,176.3,2.4
2716.2,1.7,715.6,14.7,0,0,704.5,728.3,0,2329,0.2,63.5,65.4,74.9,1,232.2,321.8,180.6,COASTAL KARNATAKA,1987,0,180.6,14.7
3466.6,32,832.6,11.3,0.2,0,1295.8,689.3,0.2,3269.5,0,28.4,60.5,2.4,1,122.7,136.4,451.9,COASTAL KARNATAKA,1988,0.2,451.8,11.3
3215.6,22.4,829.3,0.3,0,0,914.4,982.5,0,2960.9,8.4,53.6,84.4,31.9,1,138.1,170.3,234.7,COASTAL KARNATAKA,1989,0,234.7,0.3
4120.4,5.2,1087,1.5,0,1.7,1110.8,997,1.7,3460.2,0.1,343.2,348.4,93.6,1,215,310.1,265.4,COASTAL KARNATAKA,1990,0,265.4,1.5
3719.7,47.7,896.5,0.7,0,0.1,1501.7,939.9,0.1,3417.5,0.3,95.9,143.9,45.6,1,111.8,158.1,79.5,COASTAL KARNATAKA,1991,0,79.4,0.7
3882.2,17.2,1097.5,0,0,0,1087.5,873.2,0,3412.6,0,77,94.2,241.8,1,133.6,375.4,354.3,COASTAL KARNATAKA,1992,0,354.4,0
3481.3,21.7,742,51.5,0.1,0,1397.3,591.2,0.1,2944.8,6.7,68.3,96.7,40.8,1,347.4,439.8,214.3,COASTAL KARNATAKA,1993,0.1,214.3,51.6
4636.3,72.9,907,0.5,0,3.5,1748.2,1221.1,3.5,4144.4,6.3,44.1,123.2,28.6,1,336,365.2,268.1,COASTAL KARNATAKA,1994,0,268.1,0.6
3357.8,21.1,685.1,0,0,3.7,1375.7,535.8,3.7,2945,0.7,137.8,159.6,57.4,1,192,249.5,348.5,COASTAL KARNATAKA,1995,0,348.4,0.1
3188.9,20.3,617.9,37.8,0,0.3,1122.6,787,0.3,2816.8,0.4,26.2,46.9,27.5,1,259.5,324.9,289.3,COASTAL KARNATAKA,1996,0,289.3,37.9
3953.6,21.5,1146,59.2,0,0.7,1494.1,818.6,0.7,3575.8,14.9,23.1,59.5,109.8,1,148.5,317.5,117.1,COASTAL KARNATAKA,1997,0,117.1,59.2
3707.9,6.6,633.9,11.3,0,0,1092,966.4,0,3265.1,1.4,72,80,80.6,1,271,362.9,572.8,COASTAL KARNATAKA,1998,0,572.8,11.3
3779.9,7.1,518.4,0.5,0.4,0,1525.9,854.1,0.4,3084.9,0.4,335.5,343,12.8,1,338.2,351.5,186.5,COASTAL KARNATAKA,1999,0.4,186.5,0.5
3351.3,25.8,741.7,2.4,0.5,14.9,915.6,966.8,15.5,2903.3,0.9,216.4,243,12.5,1,174.7,189.6,279.2,COASTAL KARNATAKA,2000,0.6,279.2,2.4
3111.6,71.4,654.4,0.6,0.4,0.6,926.9,930,1,2663.1,0.4,156.9,228.7,48.6,1,169.7,218.9,151.8,COASTAL KARNATAKA,2001,0.4,151.8,0.6
2793.1,30.9,731.3,0.3,11.2,0.6,545.7,764.5,11.8,2205,0.5,164,195.3,20.7,1,360,381,163.5,COASTAL KARNATAKA,2002,11.2,163.5,0.3
3071.9,37.3,637.5,0,3.6,0.1,970.6,973.8,3.8,2817.9,8.4,10.2,55.9,10.7,1,183.7,194.4,236,COASTAL KARNATAKA,2003,3.7,236,0
3070,24.7,874.5,0,0,0,718.1,805.8,0.1,2552.8,6.3,329.2,360.3,52.1,1,104.7,156.8,154.4,COASTAL KARNATAKA,2004,0.1,154.4,0
3470.9,72.5,692,2.3,0.2,0.5,1177.3,821.6,0.6,3147.2,0,45,117.5,24.6,1,178.7,205.6,456.2,COASTAL KARNATAKA,2005,0.1,456.3,2.3
3837.3,5.9,855.6,0,0,1,1100.8,800.1,1,3160.6,4.7,355.7,366.3,97.4,1,212,309.4,404.1,COASTAL KARNATAKA,2006,0,404.1,0
3860.2,40.2,980.4,0.8,0,0,1004.4,952,0,3567.2,0.6,61.1,101.9,37.5,1,152.8,191.1,630.5,COASTAL KARNATAKA,2007,0,630.4,0.8
3206.4,33.4,886.3,13.5,14.8,0,687.8,850.7,14.8,2808.1,161.4,64.3,259,19.3,1,91.6,124.4,383.3,COASTAL KARNATAKA,2008,14.8,383.3,13.5
3862,24.5,486.1,35.4,0,0.4,1778.9,450.3,0.4,3246,35.2,100.7,160.4,132.4,1,287.4,455.2,530.7,COASTAL KARNATAKA,2009,0,530.7,35.4
3686.8,62.2,637.5,11,0.4,14.4,1200.2,682.7,14.8,2988.9,3.5,80.2,145.9,231.5,1,294.7,537.2,468.4,COASTAL KARNATAKA,2010,0.4,468.5,11
3908.6,66.1,861.3,10.2,3.8,4.8,1080.5,1018.4,8.6,3505.4,8.7,49.3,124.1,81.5,1,178.8,270.5,545.2,COASTAL KARNATAKA,2011,3.8,545.2,10.2
,77,1027.6,3.6,11.4,,754.6,650.9,,2815.1,5.1,22.9,104.9,68,1,115.1,186.7,382,COASTAL KARNATAKA,2012,0,382,3.6
4229.4,28.5,680.2,10,19.6,2.4,1515.3,1153,21.9,3727.6,19,100.4,147.9,56.9,1,265.1,332,379.1,COASTAL KARNATAKA,2013,19.5,379.1,10
3684.4,40.5,1121,30.8,0.3,0,1155.4,507,0.3,3162.6,1.9,181.9,224.3,40,1,226.4,297.2,379.3,COASTAL KARNATAKA,2014,0.3,379.2,30.8
3106,72.2,575.2,14.3,1,1.4,930.9,735.3,2.4,2501.8,32.3,150.3,254.8,124.2,1,208.5,347.1,260.3,COASTAL KARNATAKA,2015,1,260.4,14.4
773,67.2,115.1,0.9,18.8,3.5,151.9,120.5,22.3,516.4,7.1,65.5,139.8,13.6,1,80,94.5,128.8,NORTH INTERIOR KARNATAKA,1901,18.8,128.9,0.9
716.1,22.5,78.1,85.1,0,0,83.2,111.3,0,419.3,0.3,34.4,57.1,35.7,1,118.8,239.6,146.7,NORTH INTERIOR KARNATAKA,1902,0,146.7,85.1
928.5,6.9,146.4,16,0,3.5,209.4,102.8,3.5,647.9,0.1,53.4,60.3,34.3,1,166.4,216.8,189.3,NORTH INTERIOR KARNATAKA,1903,0,189.3,16.1
578.6,11,48.5,0,0.3,0.2,91.6,120.6,0.5,425.8,8.5,46.3,65.8,0,1,86.5,86.5,165.1,NORTH INTERIOR KARNATAKA,1904,0.3,165.1,0
506.2,16,139.2,0,6,0,60.1,99.6,6,341.1,2.6,51.2,69.8,4.4,1,85,89.4,42.2,NORTH INTERIOR KARNATAKA,1905,6,42.2,0
783.8,2.6,182.1,58.9,0,21.3,120.3,142,21.3,560.4,0.2,30,32.7,24.3,1,86.2,169.4,116,NORTH INTERIOR KARNATAKA,1906,0,116,58.9
746.7,96.9,185.2,6.1,0,1.1,155.1,90.6,1.1,596.7,12.1,5.6,114.6,17.9,1,10.3,34.3,165.8,NORTH INTERIOR KARNATAKA,1907,0,165.8,6.1
595.1,16,86.1,0.1,0.3,1.3,154.9,62.6,1.6,536.4,2.4,20.7,39.1,1.1,1,16.9,18,232.7,NORTH INTERIOR KARNATAKA,1908,0.3,232.8,0
675.8,11.8,175.6,1.6,0.1,2.4,140.4,110.3,2.5,532.5,10.1,55.3,77.1,12,1,50,63.6,106.2,NORTH INTERIOR KARNATAKA,1909,0.1,106.2,1.6
759.4,2.5,195.5,0,0,0,127.9,78.2,0,587.9,4.5,28.2,35.2,32.3,1,104.1,136.4,186.3,NORTH INTERIOR KARNATAKA,1910,0,186.3,0
510,3.1,71.6,10.3,0,0,151.5,87.6,0,378.1,5.1,43.2,51.4,8.8,1,61.4,80.6,67.4,NORTH INTERIOR KARNATAKA,1911,0,67.4,10.4
758.7,42.6,158,0,12.5,0,226.2,43.7,12.5,532.3,0,38.2,80.8,28.3,1,104.9,133.1,104.4,NORTH INTERIOR KARNATAKA,1912,12.5,104.4,-0.1
572.3,16.3,45,1.3,0.9,0,150.9,104,0.9,389.2,0,76.7,93,2.5,1,85.4,89.2,89.3,NORTH INTERIOR KARNATAKA,1913,0.9,89.3,1.3
824.8,19.5,237.1,18.2,0,0,220.9,74.4,0,684.5,0.6,34.2,54.2,43,1,24.9,86.1,152.1,NORTH INTERIOR KARNATAKA,1914,0,152.1,18.2
753.3,32.4,57.8,5.5,2.4,26.5,150.1,107.2,28.9,488.8,25.6,40.3,98.3,42.6,1,89.3,137.4,173.6,NORTH INTERIOR KARNATAKA,1915,2.4,173.7,5.5
1087.9,22.7,82.4,0,1.2,0,234,97.4,1.2,604.6,0.2,60.1,83,201.8,1,197.3,399.1,190.8,NORTH INTERIOR KARNATAKA,1916,1.2,190.8,0
823.8,11.7,164.2,0,21.1,0,77.8,117,21.1,551.6,22.7,20.2,54.6,59.4,1,137.2,196.6,192.6,NORTH INTERIOR KARNATAKA,1917,21.1,192.6,0
528,22.5,61.2,5.5,0.2,5.9,37,43.3,6.1,292.3,2.3,117.3,142,62.5,1,19.6,87.6,150.8,NORTH INTERIOR KARNATAKA,1918,0.2,150.8,5.5
727.1,13.2,41,2.5,0.3,10.6,72.7,124.2,10.8,466.3,0.1,64.7,78.1,85,1,84.3,171.9,228.5,NORTH INTERIOR KARNATAKA,1919,0.2,228.4,2.6
470.3,25.1,56.5,0,0,2.6,82.6,75.3,2.6,353.9,0,32.3,57.4,2.2,1,54.3,56.4,139.5,NORTH INTERIOR KARNATAKA,1920,0,139.5,-0.1
582.8,33.6,41.7,0,0,0.2,158.2,63.5,0.2,312.7,1.2,5.4,40.2,104.5,1,125.3,229.7,49.4,NORTH INTERIOR KARNATAKA,1921,0,49.3,-0.1
509,30.2,40.4,0,1.5,24.5,108.1,70.7,26,255.1,0.2,40.4,70.8,92.1,1,64.9,157,35.9,NORTH INTERIOR KARNATAKA,1922,1.5,35.9,0
602.8,21.4,64.4,2.3,13.2,0.2,229.4,38.2,13.4,495.1,32.9,28.2,82.5,0,1,9.4,11.8,163.1,NORTH INTERIOR KARNATAKA,1923,13.2,163.1,2.4
591.2,42,117.9,3.1,0,5.1,120.4,68.3,5.1,461.7,6,22,70,13.4,1,37.9,54.4,155.1,NORTH INTERIOR KARNATAKA,1924,0,155.1,3.1
642.6,34.3,77.5,12.9,0,0,113.7,74.1,0,373.9,7.3,79,120.6,16.6,1,118.7,148.1,108.7,NORTH INTERIOR KARNATAKA,1925,0,108.6,12.8
581,4.5,138.4,0,1,24.8,123,65.5,25.8,488.6,2.1,37.1,43.8,0.8,1,22.1,22.9,161.7,NORTH INTERIOR KARNATAKA,1926,1,161.7,0
680.8,9.3,54.3,0,1.4,0,161,123.9,1.4,523.9,4.4,34.4,48.2,82.7,1,24.7,107.3,184.7,NORTH INTERIOR KARNATAKA,1927,1.4,184.7,-0.1
768.5,18.2,73.4,17,28.4,0.5,130.2,153.6,28.9,567.8,13.2,20.5,51.9,0.3,1,102.6,119.9,210.7,NORTH INTERIOR KARNATAKA,1928,28.4,210.6,17
598,49,33,1.2,24.9,2,67.4,105.6,26.9,373.2,2.7,37.8,89.5,16,1,91.3,108.5,167.2,NORTH INTERIOR KARNATAKA,1929,24.9,167.2,1.2
632.7,9.5,61.1,4.3,0.3,0,61,94.1,0.3,405.6,3.1,56.2,68.9,22.8,1,130.8,157.9,189.4,NORTH INTERIOR KARNATAKA,1930,0.3,189.4,4.3
719.2,30.6,70.1,19.4,0.1,0,134.9,114.1,0.1,514.2,4.5,33.1,68.2,65.6,1,51.7,136.7,195.1,NORTH INTERIOR KARNATAKA,1931,0.1,195.1,19.4
808.8,24.8,160.4,0.1,1.9,0,165.3,49.9,1.9,489.5,0.6,46.5,71.9,98.5,1,146.8,245.4,113.9,NORTH INTERIOR KARNATAKA,1932,1.9,113.9,0.1
947.3,50.1,158.9,30.4,2.8,0.1,131.6,113.2,3,553.2,13.6,84.1,147.8,52.3,1,160.7,243.4,149.4,NORTH INTERIOR KARNATAKA,1933,2.9,149.5,30.4
591.2,29.5,98.9,0,0,1.2,212.3,70.8,1.2,449.5,0.3,9.9,39.7,41.8,1,58.9,100.7,67.5,NORTH INTERIOR KARNATAKA,1934,0,67.5,0
714.9,30.1,204.3,1.7,0.4,13.9,106.8,120.8,14.3,512.4,0.1,13.1,43.3,11.5,1,131.7,144.9,80.5,NORTH INTERIOR KARNATAKA,1935,0.4,80.5,1.7
564.7,13.3,59.5,3,18.4,0,62.7,101.5,18.4,360.1,5.9,50.4,69.6,62.7,1,50.8,116.6,136.4,NORTH INTERIOR KARNATAKA,1936,18.4,136.4,3.1
552.4,63.4,36.6,6.9,14,0,124.8,54.4,14,325.4,12.8,16.4,92.5,0,1,113.5,120.5,109.6,NORTH INTERIOR KARNATAKA,1937,14,109.6,7
815.1,15.6,190.4,1,4.9,0,142.1,119,4.9,652.4,43.4,45.6,104.6,8,1,44.2,53.2,200.9,NORTH INTERIOR KARNATAKA,1938,4.9,200.9,1
653.9,11.1,157.8,0,0,0,113.2,87.9,0,474.7,5.5,12.9,29.5,27.6,1,122.1,149.7,115.8,NORTH INTERIOR KARNATAKA,1939,0,115.8,0
736.8,31,138,14.4,0,2,118.3,122.7,2,491,0.1,64.5,95.6,18.6,1,115.2,148.2,111.9,NORTH INTERIOR KARNATAKA,1940,0,112,14.4
535.7,11.2,80.3,9.1,3.9,10.7,106.3,64.7,14.6,415.8,7.2,24.9,43.3,0.3,1,52.5,61.9,164.6,NORTH INTERIOR KARNATAKA,1941,3.9,164.5,9.1
585.7,30.2,143.7,26.7,3.2,0,111.7,138.5,3.2,451.4,0.4,35.7,66.3,4.2,1,33.8,64.7,57.4,NORTH INTERIOR KARNATAKA,1942,3.2,57.5,26.7
879.2,31.6,71.8,0,0.8,6.7,128.8,115.6,7.5,517.2,3.1,117.8,152.4,28,1,174.1,202,200.9,NORTH INTERIOR KARNATAKA,1943,0.8,201,-0.1
722.1,12.3,28,0,3.2,0,174.6,92.6,3.2,435.7,30.3,44.8,87.4,37.1,1,158.8,195.8,140.5,NORTH INTERIOR KARNATAKA,1944,3.2,140.5,-0.1
544,11.2,95.7,0,0,0.3,191.9,69.7,0.3,450.1,0,21.3,32.5,3.5,1,57.6,61.1,92.8,NORTH INTERIOR KARNATAKA,1945,0,92.8,0
808.9,44.2,127.9,3.3,7.6,0,135,106.7,7.6,515.7,3.8,56.8,104.8,102,1,75.5,180.7,146.2,NORTH INTERIOR KARNATAKA,1946,7.6,146.1,3.2
786.3,13.9,217,8.6,6.7,8.6,175.5,102.9,15.2,656.7,11.1,29,54,13.4,1,38.4,60.3,161.3,NORTH INTERIOR KARNATAKA,1947,6.6,161.3,8.5
778.3,40.1,147.3,0.1,0,0.9,110.3,72.6,0.9,486,7.9,38.2,86.1,126.3,1,79,205.3,155.9,NORTH INTERIOR KARNATAKA,1948,0,155.8,0
763.3,15.2,100.5,0,1.5,0,114.1,82.5,1.5,562.6,6.4,72.9,94.5,10.7,1,94.1,104.8,265.4,NORTH INTERIOR KARNATAKA,1949,1.5,265.5,0
706.5,8.2,120.8,0,6.8,0,122.6,94.9,6.8,518.8,4,51.9,64,7,1,109.8,116.9,180.4,NORTH INTERIOR KARNATAKA,1950,6.8,180.5,0.1
708.4,17.3,64.8,0.8,0,0,179,117.6,0,510.4,4.5,63.8,85.6,10.4,1,101.2,112.4,149,NORTH INTERIOR KARNATAKA,1951,0,149,0.8
628.5,32.1,64.7,13.7,8,0,132,52.9,8,334.8,0.1,98.3,130.4,0,1,141.6,155.3,85.2,NORTH INTERIOR KARNATAKA,1952,8,85.2,13.7
891.2,38.9,91.6,0,0,0,192.4,127.8,0,598,0.1,5.8,44.8,0,1,248.3,248.4,186.2,NORTH INTERIOR KARNATAKA,1953,0,186.2,0.1
683.3,19.7,152.7,11.4,0,0,216.4,80.1,0,527.4,16.9,44.9,81.5,0.2,1,62.8,74.3,78.2,NORTH INTERIOR KARNATAKA,1954,0,78.2,11.3
967.1,30.7,223.3,0,0,0.1,140.7,128.7,0.1,690,10,92.4,133.1,12,1,132,143.9,197.2,NORTH INTERIOR KARNATAKA,1955,0,197.3,-0.1
1039,30.2,117.9,2.4,2.8,0,314.1,96.8,2.8,673.7,1.1,64,95.3,100.1,1,164.6,267.1,144.9,NORTH INTERIOR KARNATAKA,1956,2.8,144.9,2.4
837.8,25.5,188.8,0,0.9,0,146.6,115.4,0.9,538.6,5.5,70,101,23.1,1,174.3,197.3,87.8,NORTH INTERIOR KARNATAKA,1957,0.9,87.8,-0.1
752,46,179.7,0.5,0.2,2,174.8,55.2,2.2,480.9,7.3,100.3,153.6,31,1,83.7,115.3,71.2,NORTH INTERIOR KARNATAKA,1958,0.2,71.2,0.6
698.5,26.2,90.6,0.6,0,0.1,155.1,163.2,0.1,557.7,0.6,43.8,70.6,17.2,1,52.3,70.1,148.8,NORTH INTERIOR KARNATAKA,1959,0,148.8,0.6
691.6,17.2,29.4,0.1,0,0,96.4,86.8,0,526.5,14.9,79.6,111.6,20.4,1,32.9,53.4,313.9,NORTH INTERIOR KARNATAKA,1960,0,313.9,0.1
748.6,32.1,78.4,0,0.6,0.1,245.4,99.9,0.6,456.9,6.4,102.1,140.6,5.6,1,144.9,150.6,33.1,NORTH INTERIOR KARNATAKA,1961,0.5,33.2,0.1
839.1,58.8,144.7,62.4,5,0,140.1,82.1,5,532.6,2.9,52.5,114.3,25.4,1,99.3,187.2,165.7,NORTH INTERIOR KARNATAKA,1962,5,165.7,62.5
783.1,34.4,195.5,0,10.9,0,73.9,113.1,11,445.4,33.9,78.9,147.2,1,1,178.6,179.6,63,NORTH INTERIOR KARNATAKA,1963,11,62.9,0
899.8,16.9,129.2,2.4,0.8,0,211.7,97.6,0.8,727.6,4.3,14.6,35.8,22.4,1,110.8,135.6,289.1,NORTH INTERIOR KARNATAKA,1964,0.8,289.1,2.4
632.9,14,120,26.8,0,1.3,185.9,110.4,1.3,566.4,0.5,17.2,31.7,2.8,1,3.8,33.5,150.1,NORTH INTERIOR KARNATAKA,1965,0,150.1,26.9
723.6,10.6,80.7,8.4,0.3,13.4,145.5,68.9,13.7,455.8,5.5,82.9,98.9,92,1,54.8,155.2,160.6,NORTH INTERIOR KARNATAKA,1966,0.3,160.7,8.4
645.7,34.6,72.5,8.4,0,1.2,187.1,74.1,1.2,475.6,11.8,32.5,78.8,1.7,1,80,90.1,141.9,NORTH INTERIOR KARNATAKA,1967,0,141.9,8.4
727.3,41.2,47.6,0.3,15.8,1.9,162.3,92.4,17.7,504.8,2.7,32.2,76.1,29.9,1,98.5,128.7,202.5,NORTH INTERIOR KARNATAKA,1968,15.8,202.5,0.3
729.1,14.9,159.2,1.3,0,0,151.1,89.4,0,521.2,4.1,40.6,59.5,33.5,1,113.7,148.4,121.5,NORTH INTERIOR KARNATAKA,1969,0,121.5,1.2
790.8,31.5,199.9,0,0.2,0.4,131.5,80.7,0.6,585.3,1,76.5,109.1,0,1,95.7,95.7,173.2,NORTH INTERIOR KARNATAKA,1970,0.2,173.2,0
612.1,23.9,121,0,0,0.9,53.7,102.2,0.9,385.9,0.3,69.3,93.5,0.6,1,131.2,131.8,109,NORTH INTERIOR KARNATAKA,1971,0,109,0
499.4,19.5,40.7,1.4,2.4,0,100.8,79.4,2.4,347.3,1.3,45.9,66.8,34.4,1,47.2,83,126.3,NORTH INTERIOR KARNATAKA,1972,2.4,126.4,1.4
750.8,10.1,154,0.5,0,0,101.3,136.2,0,492.1,0.2,29.7,40,5.6,1,212.5,218.7,100.6,NORTH INTERIOR KARNATAKA,1973,0,100.6,0.6
817.3,23.9,92.2,0,0,0,98.9,93.3,0,527,5,83.9,112.8,0.5,1,176.9,177.5,242.5,NORTH INTERIOR KARNATAKA,1974,0,242.6,0.1
1093.7,7.2,109.6,0.1,1.1,8.2,238.6,104.2,9.3,667.2,5.6,59.6,72.5,21.6,1,323.1,344.8,214.8,NORTH INTERIOR KARNATAKA,1975,1.1,214.8,0.1
561.3,35.1,147.9,0.1,0,0,131.6,82.5,0,436.1,5.5,11.1,51.7,57.9,1,15.6,73.6,74.1,NORTH INTERIOR KARNATAKA,1976,0,74.1,0.1
849.9,34.8,135.9,0.6,1.2,0,144.4,170.3,1.2,521.2,10.7,75,120.4,72.3,1,134.2,207.1,70.5,NORTH INTERIOR KARNATAKA,1977,1.2,70.6,0.6
904.9,35.1,160.3,4.3,13.2,0.5,165.9,102,13.7,633,0.8,76.9,112.9,55.1,1,85.9,145.2,204.8,NORTH INTERIOR KARNATAKA,1978,13.2,204.8,4.2
963.2,7.3,168.8,0.1,13.1,2,125.4,141.7,15,727.3,2.4,60.7,70.5,95.8,1,54.5,150.4,291.4,NORTH INTERIOR KARNATAKA,1979,13,291.4,0.1
691.7,51.5,171.6,3.4,0,0.1,126,149.1,0.1,572.5,1.6,20.1,73.2,22.6,1,19.8,45.9,125.9,NORTH INTERIOR KARNATAKA,1980,0,125.8,3.5
877.3,12.1,151.9,0.1,0,6.2,127.5,160.8,6.2,724.6,10.3,39.6,62,16.1,1,68.3,84.5,284.3,NORTH INTERIOR KARNATAKA,1981,0,284.4,0.1
681.4,13.8,83.2,0,0,0.1,163.4,87.2,0.1,479.3,0.8,59.8,74.4,43.8,1,83.8,127.6,145.5,NORTH INTERIOR KARNATAKA,1982,0,145.5,0
777.9,0.2,169,8.7,0,0,135.1,167.4,0,669.7,0,24.5,24.8,8.3,1,66.5,83.5,198.1,NORTH INTERIOR KARNATAKA,1983,0,198.2,8.7
618.1,14.3,62.1,0.1,3.9,0.4,217.4,64.1,4.3,470.7,6.2,8,28.5,1.1,1,113.5,114.6,127.1,NORTH INTERIOR KARNATAKA,1984,3.9,127.1,0
501.2,20.8,67.7,0.6,0,2.9,109.7,86.6,2.9,339.8,6.8,34.1,61.8,1.4,1,94.7,96.8,75.8,NORTH INTERIOR KARNATAKA,1985,0,75.8,0.7
620.4,23.2,129,5.3,7.4,11,76.1,124.9,18.4,444.1,1.4,38.1,62.8,60.4,1,29.5,95.2,114.1,NORTH INTERIOR KARNATAKA,1986,7.4,114.1,5.3
747.4,2,166.6,26.8,0.9,0.4,83.1,124,1.4,483.1,0.5,44.9,47.5,68.9,1,119.7,215.5,109.3,NORTH INTERIOR KARNATAKA,1987,1,109.4,26.9
795.4,38.3,219.5,18.8,1.6,1.3,170.6,77.2,2.9,681.4,1.5,34.5,74.3,2,1,16.1,36.9,214.2,NORTH INTERIOR KARNATAKA,1988,1.6,214.1,18.8
676.2,10.7,64.1,14.1,0,0,199.6,102,0,569,21.6,28.5,60.8,8.9,1,23.3,46.3,203.3,NORTH INTERIOR KARNATAKA,1989,0,203.3,14.1
719,7.8,170,0,0,4.8,96.2,129.7,4.8,460.1,0.1,127.3,135.1,23.3,1,95.6,119,64.2,NORTH INTERIOR KARNATAKA,1990,0,64.2,0.1
720,47.3,94,0,0,0.2,155.6,235.7,0.2,552.9,1.3,59.8,108.4,8.9,1,49.6,58.5,67.6,NORTH INTERIOR KARNATAKA,1991,0,67.6,0
668.3,12.7,121,0,0,0,100,108,0,414.1,0,48.1,60.9,125.4,1,68,193.3,85.1,NORTH INTERIOR KARNATAKA,1992,0,85.1,-0.1
731.8,11.4,128.1,36.4,0.1,0,134.9,69.3,0.1,427.1,6.5,37.6,55.5,10.8,1,201.9,249.1,94.8,NORTH INTERIOR KARNATAKA,1993,0.1,94.8,36.4
643,35.3,95.9,0,0.3,4.2,146,101.8,4.5,381.7,0.2,16.8,52.3,4.2,1,200.3,204.5,38.1,NORTH INTERIOR KARNATAKA,1994,0.3,38,0
662.3,11.8,95.9,0,0.1,28.3,140.9,75.5,28.4,416.5,5.4,33.1,50.3,18.2,1,148.9,167.1,104.3,NORTH INTERIOR KARNATAKA,1995,0.1,104.2,0
811.8,20.5,165.2,2.6,0,0,98.2,138.5,0,601.4,0.5,25.1,46.1,7.5,1,154.2,164.3,199.5,NORTH INTERIOR KARNATAKA,1996,0,199.5,2.6
1095.6,22.6,290.1,33.8,0,4.3,272.8,213,4.3,852.7,14.8,17.5,54.9,64.6,1,85.3,183.7,76.9,NORTH INTERIOR KARNATAKA,1997,0,76.8,33.8
852.5,6.1,155.4,0.1,0,0,140.4,107.8,0,626.7,0.4,32.7,39.2,13.9,1,172.7,186.6,223.1,NORTH INTERIOR KARNATAKA,1998,0,223.1,0
660.8,3.9,89.5,0,3.4,0,130.5,93.2,3.4,410.7,0.6,89,93.5,0.3,1,152.9,153.2,97.5,NORTH INTERIOR KARNATAKA,1999,3.4,97.5,0
712.4,8.4,164.6,0.5,2.6,0.4,127.1,107.5,3,533.6,0.1,49,57.4,2.8,1,115.1,118.3,134.4,NORTH INTERIOR KARNATAKA,2000,2.6,134.4,0.4
598,22.1,108.8,1.4,0,2.1,62.1,60.9,2.1,418.9,0.1,13.3,35.5,2.5,1,137.5,141.4,187.1,NORTH INTERIOR KARNATAKA,2001,0,187.1,1.4
530.5,14.7,118.2,0,7.9,3.8,54.7,108.2,11.7,333.4,0.3,40.6,55.6,3.4,1,126.4,129.9,52.2,NORTH INTERIOR KARNATAKA,2002,7.9,52.3,0.1
473.5,24.9,104,2.2,1.5,0.3,94.4,66.9,1.8,329.7,15.2,3.5,43.6,4.2,1,92.1,98.4,64.3,NORTH INTERIOR KARNATAKA,2003,1.5,64.4,2.1
641.9,29.9,92.8,0.2,2.7,2.6,111.7,106.1,5.3,445.2,1.6,93.8,125.3,4.3,1,61.6,66.1,134.6,NORTH INTERIOR KARNATAKA,2004,2.7,134.6,0.2
807.5,52.5,123.3,0.1,0.8,5.8,219.4,98.7,6.6,601,5.5,34.5,92.6,5,1,102.3,107.4,159.7,NORTH INTERIOR KARNATAKA,2005,0.8,159.6,0.1
650.6,12.1,89.1,0,0,0,113.9,130.2,0,470,16.8,79,107.9,29,1,43.6,72.6,136.8,NORTH INTERIOR KARNATAKA,2006,0,136.8,0
836.9,27,143.4,9.2,6.8,11.7,117.2,215.5,18.5,681.5,7.7,38.9,73.7,13.5,1,40.5,63.2,205.4,NORTH INTERIOR KARNATAKA,2007,6.8,205.4,9.2
712.4,22.8,147.7,5.3,9.2,0.4,80.6,71.6,9.6,452.3,109.2,29.2,161.3,29.8,1,54.1,89.2,152.5,NORTH INTERIOR KARNATAKA,2008,9.2,152.4,5.3
913.5,17.4,135.4,13.9,0,0.3,134.9,112,0.3,597.9,9.9,63.1,90.4,42.3,1,168.6,224.9,215.6,NORTH INTERIOR KARNATAKA,2009,0,215.6,14
853.2,15.5,207.5,1.2,2.5,9.6,193.5,110.1,12.1,630.4,0.5,39.5,55.6,71.9,1,82.1,155.2,119.2,NORTH INTERIOR KARNATAKA,2010,2.5,119.3,1.2
655.2,41.2,152,0,7.2,0.5,150.8,101.3,7.7,473.1,7.2,46.8,95.2,5.7,1,73.4,79.2,69,NORTH INTERIOR KARNATAKA,2011,7.2,69,0.1
583.8,35.4,105.5,2.9,6.2,28.5,114.5,60,34.7,359.3,0.4,19.5,55.3,46.5,1,85.2,134.5,79.2,NORTH INTERIOR KARNATAKA,2012,6.2,79.3,2.8
723.2,25.4,73.9,0.1,6.1,1.2,160.7,99.4,7.3,534.9,3,47.4,75.7,4.2,1,101,105.2,201,NORTH INTERIOR KARNATAKA,2013,6.1,200.9,0
756.8,26.4,205.2,14.1,6.1,0,136.8,50.4,6.1,482.5,29.2,93,148.7,25,1,80.3,119.5,90.2,NORTH INTERIOR KARNATAKA,2014,6.1,90.1,14.2
551.9,50.8,78.4,1.7,0,2.4,38.5,89.6,2.4,357.2,27.5,45.3,123.6,5.7,1,61.2,68.6,150.8,NORTH INTERIOR KARNATAKA,2015,0,150.7,1.7
1003,32.7,109.2,12.3,31.8,4.9,210,106,36.8,566,3,109.6,145.4,72.5,1,170.1,254.9,140.8,SOUTH INTERIOR KARNATAKA,1901,31.9,140.8,12.3
1020.1,42.6,82.1,84.9,0.5,1.9,210,91.7,2.4,522.3,6.7,97.7,147,44.6,1,219.1,348.5,138.4,SOUTH INTERIOR KARNATAKA,1902,0.5,138.5,84.8
1269.9,11.6,155.7,24.1,0,0.3,284.4,129.7,0.3,766.9,1.1,125.1,137.7,186.6,1,154.2,364.9,197.1,SOUTH INTERIOR KARNATAKA,1903,0,197.1,24.1
845.8,43.5,73.2,0.3,0.5,1,197.1,167.9,1.5,527.8,5.2,144.7,193.3,2.5,1,120.4,123.2,89.6,SOUTH INTERIOR KARNATAKA,1904,0.5,89.6,0.3
759.4,23.6,140.6,0.3,7.9,1.7,148.4,95.9,9.5,427.9,14.2,118.6,156.5,22.4,1,142.8,165.5,43.1,SOUTH INTERIOR KARNATAKA,1905,7.8,43,0.3
1004.5,4.8,256.3,52.6,1.5,14.1,211.3,116.4,15.6,693.5,2.2,46.1,53.1,16.5,1,173.4,242.4,109.5,SOUTH INTERIOR KARNATAKA,1906,1.5,109.5,52.5
998.5,84.7,219.4,14.1,0,4.5,231.5,137.4,4.5,734.9,11.7,46.5,142.9,49.5,1,52.6,116.3,146.5,SOUTH INTERIOR KARNATAKA,1907,0,146.6,14.2
790.2,44.4,118.1,0.5,2.4,8.3,263.6,92.2,10.7,561.9,9.3,92.5,146.2,1.2,1,69.6,71.3,88,SOUTH INTERIOR KARNATAKA,1908,2.4,88,0.5
1087.4,42.1,190.5,9.7,1.2,19.8,245.5,138.9,21,684,6.7,166.6,215.4,35.8,1,121.5,167.1,109,SOUTH INTERIOR KARNATAKA,1909,1.2,109.1,9.8
1157.3,27,232.6,0,1.1,0,254.1,124.9,1.1,735.1,7.5,89.8,124.4,77,1,219.6,296.7,123.5,SOUTH INTERIOR KARNATAKA,1910,1.1,123.5,0.1
906.3,28.8,84,7.9,0.1,0.8,225.7,174.8,0.9,547.8,5.2,123.2,157.2,35.8,1,156.7,200.5,63.3,SOUTH INTERIOR KARNATAKA,1911,0.1,63.3,8
1150.2,41.7,181.3,0.1,4.6,0.8,291.9,133,5.4,782.4,2.7,70.1,114.6,57.6,1,190,247.7,176.1,SOUTH INTERIOR KARNATAKA,1912,4.6,176.2,0.1
876.4,22.3,88.4,3.1,0.1,0,257.5,124.5,0.1,621.4,1,93.4,116.8,1.4,1,133.6,138.1,151,SOUTH INTERIOR KARNATAKA,1913,0.1,151,3.1
926.7,16,153.3,26,0.6,0,309.7,69.6,0.6,640.4,1.7,62.6,80.3,64,1,115.3,205.3,107.9,SOUTH INTERIOR KARNATAKA,1914,0.6,107.8,26
1031.9,43.9,75.7,9.5,2.6,9.7,184.2,222.9,12.4,667.8,31.6,66.5,142,93.4,1,106.7,209.6,185,SOUTH INTERIOR KARNATAKA,1915,2.7,185,9.5
1230.7,23.9,204.7,7.4,0.1,0,188.5,184,0.1,722.8,0.2,146.3,170.4,151.6,1,178.4,337.4,145.5,SOUTH INTERIOR KARNATAKA,1916,0.1,145.6,7.4
1094.3,18.4,171.2,1,37.2,0.3,104.4,163.8,37.5,715,15.9,51.8,86.1,94.7,1,160,255.7,275.6,SOUTH INTERIOR KARNATAKA,1917,37.2,275.6,1
733.3,41,102.7,8.9,0.7,11.1,47.5,69.2,11.7,318.1,13.9,110.1,165,182.6,1,47,238.5,98.7,SOUTH INTERIOR KARNATAKA,1918,0.6,98.7,8.9
1011.4,27.1,108.4,4.7,0,4.8,166.9,152.7,4.8,653,7.7,99.8,134.6,132.3,1,81.9,218.9,225,SOUTH INTERIOR KARNATAKA,1919,0,225,4.7
828.9,42.8,92.1,0.1,0.4,8.4,241.2,125.1,8.8,586.6,1.7,58.6,103.2,28.4,1,101.9,130.3,128.1,SOUTH INTERIOR KARNATAKA,1920,0.4,128.2,0
986.1,84.6,169.5,0,0,15.4,217.8,114.9,15.4,579.7,2.9,47.2,134.7,88.7,1,167.6,256.3,77.5,SOUTH INTERIOR KARNATAKA,1921,0,77.5,0
897.1,33.1,114.3,2.2,1.2,16.1,186.3,99.5,17.2,453.5,0.3,109.9,143.3,129,1,151.8,283.1,53.4,SOUTH INTERIOR KARNATAKA,1922,1.1,53.4,2.3
990.5,31.8,207.7,2.9,3.9,3.7,408.1,84.3,7.6,800.4,27.2,73.8,132.8,6.7,1,40,49.6,100.3,SOUTH INTERIOR KARNATAKA,1923,3.9,100.3,2.9
1127,38.7,146.7,11.7,0.1,0.9,460.9,125.7,1,868.3,5.8,96,140.5,47.1,1,58.4,117.2,135.1,SOUTH INTERIOR KARNATAKA,1924,0.1,135,11.7
982.2,63,132.6,46.8,0.1,0,221.3,143.2,0.1,612.4,8.4,116.5,187.9,69.4,1,65.8,181.9,115.3,SOUTH INTERIOR KARNATAKA,1925,0.1,115.3,46.7
897,37.5,174.2,1.2,0.4,23,234.3,89.6,23.4,666.4,7.1,64.1,108.7,7.6,1,89.7,98.5,168.3,SOUTH INTERIOR KARNATAKA,1926,0.4,168.3,1.2
863.7,11.2,118.5,0,2.5,0.1,249.1,114.3,2.5,668.7,5.2,82.5,98.9,74.2,1,19.4,93.5,186.8,SOUTH INTERIOR KARNATAKA,1927,2.4,186.8,-0.1
950.5,43.4,161.7,12.7,44.3,0.6,189.1,112.1,44.9,500.8,24,66.1,133.5,28.9,1,229.7,271.3,37.8,SOUTH INTERIOR KARNATAKA,1928,44.3,37.9,12.7
1034.9,127.7,88.8,5.2,13.7,4.7,178.6,149.7,18.4,603.1,1.9,101.3,230.9,76.5,1,100.9,182.5,186,SOUTH INTERIOR KARNATAKA,1929,13.7,186,5.1
993.3,27,85.5,12.1,6.6,5.2,117.2,126.9,11.8,480.1,10.8,156.8,194.5,40.9,1,253.9,306.9,150.5,SOUTH INTERIOR KARNATAKA,1930,6.6,150.5,12.1
1012.6,45.7,246,26.3,0,0,188.2,116.8,0,695.7,3,81.7,130.4,117.5,1,42.7,186.5,144.6,SOUTH INTERIOR KARNATAKA,1931,0,144.7,26.3
1270.1,35.8,264.3,1.6,10.4,0,262.9,72.4,10.4,716.6,0.5,155.8,192,122.4,1,227,351,117.1,SOUTH INTERIOR KARNATAKA,1932,10.4,117,1.6
1329.2,43.8,241.6,46.6,2.9,0,216.8,139.9,2.9,793.4,10.5,176,230.3,19.2,1,236.6,302.5,195.1,SOUTH INTERIOR KARNATAKA,1933,2.9,195.1,46.7
786.3,40.9,137.5,0.3,0.4,5.9,158.7,149.4,6.3,473.3,1.1,52.6,94.6,38.3,1,173.5,212.1,27.7,SOUTH INTERIOR KARNATAKA,1934,0.4,27.7,0.3
954.5,48.6,197.1,7.3,1.2,6.2,211,121.9,7.4,635.2,5.2,52.6,106.3,6.8,1,191.6,205.6,105.2,SOUTH INTERIOR KARNATAKA,1935,1.2,105.2,7.2
958.4,15.7,111.6,4.5,6.2,0,156.2,185.2,6.3,629.2,34.7,102.1,152.5,76.5,1,89.5,170.5,176.1,SOUTH INTERIOR KARNATAKA,1936,6.3,176.2,4.5
911.2,90.8,78,9.7,9.8,0.1,232.7,99.6,9.9,532,14.6,81.6,187,25.5,1,147,182.2,121.7,SOUTH INTERIOR KARNATAKA,1937,9.8,121.7,9.7
871.4,40.7,237.6,2.6,3.9,0,153.8,144.4,3.9,714.6,17.4,45.8,103.9,15.9,1,30.6,49.1,178.7,SOUTH INTERIOR KARNATAKA,1938,3.9,178.8,2.6
1024.6,70.5,198.1,0,0,3.5,184.7,92.1,3.5,589.6,13.1,49.6,133.2,71.6,1,226.6,298.1,114.7,SOUTH INTERIOR KARNATAKA,1939,0,114.7,-0.1
1180,60.1,188.7,15.8,0.1,0,203.4,177.6,0.2,650.4,0.7,138.3,199.1,139.7,1,174.9,330.4,80.7,SOUTH INTERIOR KARNATAKA,1940,0.2,80.7,15.8
937.6,43.8,154.9,60.2,2.3,1.2,186.5,154.9,3.4,626.2,2.3,73.8,119.9,19.5,1,108.4,188.1,129.8,SOUTH INTERIOR KARNATAKA,1941,2.2,129.9,60.2
932.9,45,145.9,23.7,2,0.1,247.5,164.1,2.1,634.8,0.5,91,136.4,26.7,1,109,159.5,77.3,SOUTH INTERIOR KARNATAKA,1942,2,77.3,23.8
1137.1,48.3,67.5,0,0.9,24.4,243.1,88.5,25.3,536,3.7,189.9,241.9,50.8,1,283,333.9,137,SOUTH INTERIOR KARNATAKA,1943,0.9,136.9,0.1
1025.7,21.7,82,6.7,24.3,0.2,275.1,100,24.5,584.3,37,98.5,157.3,74.4,1,178.5,259.6,127.2,SOUTH INTERIOR KARNATAKA,1944,24.3,127.2,6.7
792.3,54.9,109.9,0.1,1.2,0.4,260.9,79.9,1.6,523.3,0.3,93.3,148.4,33.7,1,85.2,119,72.6,SOUTH INTERIOR KARNATAKA,1945,1.2,72.6,0.1
1245,62.5,255.9,42.9,2.4,0.1,201.5,146.8,2.5,772.2,14.8,86.9,164.2,150.3,1,112.9,306.1,168.1,SOUTH INTERIOR KARNATAKA,1946,2.4,168,42.9
958.3,22.4,236.2,17.6,5.9,8.1,238.9,83.5,14,698.3,10,53.2,85.6,15.2,1,127.6,160.5,139.7,SOUTH INTERIOR KARNATAKA,1947,5.9,139.7,17.7
1074.1,70.7,255.6,2.1,0.1,4,188.6,135.6,4,641,3.2,153.9,227.8,81.5,1,117.7,201.3,61.1,SOUTH INTERIOR KARNATAKA,1948,0,61.2,2.1
876.4,32.1,165.2,0,0.1,0.1,179.5,82.4,0.2,534.9,3.8,103.6,139.4,13.6,1,188.3,201.9,107.8,SOUTH INTERIOR KARNATAKA,1949,0.1,107.8,0
956.5,6.5,148.7,0.4,13.3,0.1,268.8,91.2,13.4,663.3,0.8,61.3,68.7,77.1,1,133.7,211.2,154.5,SOUTH INTERIOR KARNATAKA,1950,13.3,154.6,0.4
925.3,60.9,89.4,0,0,0.2,205.7,111.7,0.2,584.7,13,135.2,209.1,33.3,1,98,131.3,177.9,SOUTH INTERIOR KARNATAKA,1951,0,177.9,0
871.8,40,156.2,48.2,10.7,0.3,176.2,106.8,11,505.8,0.6,76.8,117.5,0.7,1,188.6,237.5,66.7,SOUTH INTERIOR KARNATAKA,1952,10.7,66.6,48.2
1255.9,71,191.5,0.5,2.2,0.5,368.5,163.7,2.6,836.8,0.7,34.4,106.1,2.6,1,307.4,310.4,113,SOUTH INTERIOR KARNATAKA,1953,2.1,113.1,0.4
1031.1,38.5,175.6,18.6,0.5,1.8,298.5,139.3,2.3,670.3,8.9,127.2,174.5,0.5,1,164.8,183.9,56.9,SOUTH INTERIOR KARNATAKA,1954,0.5,56.9,18.6
1002,48.7,151.6,2.9,0.1,0.9,88.9,135.9,1,577.5,10.4,168.2,227.4,18.1,1,175.1,196.1,201.2,SOUTH INTERIOR KARNATAKA,1955,0.1,201.1,2.9
1243.7,68.5,137.1,1.2,1.4,0.4,251.3,209.6,1.8,718.1,2.5,62.5,133.5,124,1,265,390.3,120.1,SOUTH INTERIOR KARNATAKA,1956,1.4,120.1,1.3
1064.7,18.6,147.2,0.1,0.5,0,242.6,174.9,0.5,611.6,9.4,169,196.9,77.9,1,177.6,255.6,47,SOUTH INTERIOR KARNATAKA,1957,0.5,46.9,0.1
1210,60.6,201.7,0.6,1.3,3.3,340.2,163.2,4.6,828.2,13.1,134.5,208.2,59.6,1,108.7,168.9,123.1,SOUTH INTERIOR KARNATAKA,1958,1.3,123.1,0.6
1280.9,25.2,172.2,6.3,2.5,0.2,425.6,255.8,2.7,1071.8,0.3,89.8,115.3,29.3,1,55.4,91.1,218.2,SOUTH INTERIOR KARNATAKA,1959,2.5,218.2,6.4
989.9,42.4,124.4,0.2,0,0.3,254.3,119.8,0.3,661.2,15.3,92.6,150.2,65.3,1,112.8,178.2,162.7,SOUTH INTERIOR KARNATAKA,1960,0,162.7,0.1
1409.5,62.5,213.5,1.4,3.4,2.1,492.7,196.2,5.5,996.2,2.6,161.6,226.7,14.3,1,165.4,181.1,93.8,SOUTH INTERIOR KARNATAKA,1961,3.4,93.8,1.4
1307.2,81.3,268.5,65.9,6.9,1.4,310.4,66.1,8.3,794.2,5.5,118.5,205.4,29.6,1,203.7,299.3,149.1,SOUTH INTERIOR KARNATAKA,1962,6.9,149.2,66
992.8,51.6,232.5,12.3,2.8,1.2,197.5,108.5,3.9,631.1,13,78.1,142.7,9,1,193.8,215.1,92.6,SOUTH INTERIOR KARNATAKA,1963,2.7,92.6,12.3
1169.4,23.6,305.4,3.8,0.1,0,280,122.2,0.1,890.3,0.7,51,75.2,78.4,1,121.5,203.7,182.7,SOUTH INTERIOR KARNATAKA,1964,0.1,182.7,3.8
735.2,24.6,141.1,21.7,0.2,1,245.2,129.8,1.2,597.5,4.6,42,71.3,25.8,1,17.7,65.1,81.4,SOUTH INTERIOR KARNATAKA,1965,0.2,81.4,21.6
1010.9,24.7,91,13.8,0.9,4.2,256.1,82.3,5.2,617.8,2.5,90.9,118.1,123.2,1,132.8,269.8,188.5,SOUTH INTERIOR KARNATAKA,1966,1,188.4,13.8
940.3,25.7,157.3,16,0,5.7,350.4,136.3,5.7,701.8,4.7,77.8,108.3,12.3,1,96.2,124.6,57.8,SOUTH INTERIOR KARNATAKA,1967,0,57.8,16.1
1001,47.5,124.7,3.4,8,0,284.1,120.6,8,739.2,8.5,71.8,127.8,23.4,1,99.3,126,209.7,SOUTH INTERIOR KARNATAKA,1968,8,209.8,3.3
1106.5,37.8,216.3,27.7,0,0,289.5,100.8,0,710.6,2.3,101.9,142,51.4,1,174.8,253.9,104,SOUTH INTERIOR KARNATAKA,1969,0,104,27.7
1073.8,49.5,206.4,0.2,5.4,1.4,210.1,99.5,6.7,645,4.3,129.6,183.4,20.9,1,217.6,238.7,129,SOUTH INTERIOR KARNATAKA,1970,5.3,129,0.2
1020.2,37.9,180.7,10.3,5.3,2,174.9,204.5,7.3,721.7,2.7,100.5,141.1,17.4,1,122.3,150,161.7,SOUTH INTERIOR KARNATAKA,1971,5.3,161.6,10.3
1064,26.9,97.6,41.5,1.1,0,214.6,153.6,1.1,642,0.1,190.5,217.5,26.3,1,135.7,203.5,176.2,SOUTH INTERIOR KARNATAKA,1972,1.1,176.2,41.5
1086.6,21.8,220.8,8.7,0,0,232.7,214.9,0,786.5,0.2,102.4,124.4,26.5,1,140.5,175.7,118,SOUTH INTERIOR KARNATAKA,1973,0,118.1,8.7
1051.5,34.5,166.7,0,0,0.1,281.8,71,0.1,754.5,4.3,113.2,152,6.6,1,138.2,144.9,235,SOUTH INTERIOR KARNATAKA,1974,0,235,0.1
1334.3,21,252.8,1.3,3.2,4.1,260.6,224.8,7.3,962.2,15.5,93,129.4,76.3,1,157.7,235.3,224,SOUTH INTERIOR KARNATAKA,1975,3.2,224,1.3
761.2,66.9,148.3,1.7,0.1,0,203.7,64,0.1,503.1,2.6,25.9,95.3,106.5,1,54.4,162.6,87.2,SOUTH INTERIOR KARNATAKA,1976,0.1,87.1,1.7
1207.8,51.2,134.5,0.1,1.3,0,227.7,168.5,1.3,697.1,13.8,136.8,201.8,82.8,1,224.6,307.4,166.5,SOUTH INTERIOR KARNATAKA,1977,1.3,166.4,0
1231.6,40.1,231.2,30.8,7,0.5,281.8,188.1,7.5,857.9,2.6,104.5,147.3,81,1,107.1,219,156.8,SOUTH INTERIOR KARNATAKA,1978,7,156.8,30.9
1120.8,31.3,207.9,1.4,29.2,0.3,189.3,192.8,29.5,809.6,4.1,49,84.4,113.9,1,81.9,197.2,219.6,SOUTH INTERIOR KARNATAKA,1979,29.2,219.6,1.4
1225,79.1,179.6,1.9,0,0,287.7,228,0,857.1,7.2,99,185.2,81.1,1,99.6,182.7,161.8,SOUTH INTERIOR KARNATAKA,1980,0,161.8,2
1184.6,25.5,299.8,6.5,0.1,1.8,189.4,136.3,1.9,880.2,19.6,94.9,140,32.8,1,123.2,162.5,254.6,SOUTH INTERIOR KARNATAKA,1981,0.1,254.7,6.5
1003.5,18.3,240.8,0.2,0,0.1,217,151.1,0.1,735.8,2,99.2,119.5,50.8,1,97.1,148.1,126.9,SOUTH INTERIOR KARNATAKA,1982,0,126.9,0.2
1111.2,5.1,262.5,38.9,0,0,206.6,215.3,0,870.3,0.9,77,83,21.1,1,97.8,157.8,185.9,SOUTH INTERIOR KARNATAKA,1983,0,185.9,38.9
1063.9,39,122.3,4.4,7.9,2.1,256.8,196.2,10,742.4,75.4,44.7,159.1,5.7,1,142.3,152.4,167.1,SOUTH INTERIOR KARNATAKA,1984,7.9,167.1,4.4
859.3,42.1,172.3,5.8,0.1,4.1,138.7,193.3,4.2,644,13.8,52.8,108.6,29.3,1,67.4,102.5,139.7,SOUTH INTERIOR KARNATAKA,1985,0.1,139.7,5.8
1030.2,26.2,208.2,8.4,9.2,13.9,149.9,210,23.1,743.4,3.9,51.7,81.8,94.1,1,79.4,181.8,175.3,SOUTH INTERIOR KARNATAKA,1986,9.2,175.3,8.3
934.7,9.2,151.7,31.9,0,0.3,114.9,135.7,0.3,542.3,4.5,64.2,77.9,76.9,1,205.4,314.2,139.9,SOUTH INTERIOR KARNATAKA,1987,0,140,31.9
1022.2,71.4,251.3,19.9,2.9,0.2,276,68,3.1,794.6,11.9,84.9,168.2,5.9,1,30.6,56.4,199.2,SOUTH INTERIOR KARNATAKA,1988,2.9,199.3,19.9
913.5,24,135,5.2,0.1,0,286.3,145,0.1,715.7,12.5,53.3,89.8,15.7,1,86.9,107.9,149.4,SOUTH INTERIOR KARNATAKA,1989,0.1,149.4,5.3
848.5,15.2,193.8,2.2,0.1,4,148.5,130.1,4.2,531.3,5,115.1,135.3,47,1,128.5,177.7,59,SOUTH INTERIOR KARNATAKA,1990,0.2,58.9,2.2
1221.2,64.2,165.5,0.1,0.1,1,261.9,248.9,1.1,792.2,2.6,108.6,175.3,60,1,192.5,252.6,115.8,SOUTH INTERIOR KARNATAKA,1991,0.1,115.9,0.1
1201,28.6,215.9,0.2,0.3,0.2,202.1,269.4,0.4,832.9,0,78.9,107.5,146.5,1,113.5,260.2,145.5,SOUTH INTERIOR KARNATAKA,1992,0.2,145.5,0.2
1038.1,22.9,189.9,33.7,0.5,0,204.7,149,0.5,648.9,6.2,66.4,95.5,25,1,234.5,293.2,105.3,SOUTH INTERIOR KARNATAKA,1993,0.5,105.3,33.7
1157.8,54.6,132.6,0.5,2.4,11.7,336.4,184.9,14.1,750.4,3.9,70.9,129.4,24.8,1,238.6,263.9,96.4,SOUTH INTERIOR KARNATAKA,1994,2.4,96.5,0.5
883.2,32.1,179.8,0,0.2,4.2,248.4,79.6,4.4,643.4,3.5,70.9,106.5,30.1,1,98.8,128.9,135.6,SOUTH INTERIOR KARNATAKA,1995,0.2,135.6,0
1044,49.8,187.4,27.5,0.2,1.1,187.3,204.4,1.3,767.5,1.5,52.8,104,10.9,1,132.9,171.2,188.3,SOUTH INTERIOR KARNATAKA,1996,0.2,188.4,27.4
1180,26,246.8,33.6,0.1,4.9,251.7,178.9,4.9,785.8,26.2,45.3,97.5,123.8,1,134.4,291.8,108.4,SOUTH INTERIOR KARNATAKA,1997,0,108.4,33.6
1113.3,31.6,205.5,11.7,0,0,278.4,155.6,0.1,815.4,3.5,47,82.2,55,1,148.9,215.7,175.8,SOUTH INTERIOR KARNATAKA,1998,0.1,175.9,11.8
1149.6,42.2,138.8,3.5,4.6,0.1,289.6,129.5,4.7,665.9,1.5,131.2,174.9,28.8,1,271.9,304.2,108,SOUTH INTERIOR KARNATAKA,1999,4.6,108,3.5
1207.2,46.3,300.6,12.1,15.5,1.4,200.5,167.5,16.9,852.1,0.3,59.3,105.9,14.1,1,206.2,232.3,183.5,SOUTH INTERIOR KARNATAKA,2000,15.5,183.5,12
926.3,90.6,152,2.1,1.1,0.5,168.2,127.2,1.6,637.2,1.7,30.4,122.7,40,1,122.7,164.8,189.9,SOUTH INTERIOR KARNATAKA,2001,1.1,189.8,2.1
755.8,20.6,155.1,0.6,11.4,2,92.6,131.9,13.4,454.5,2.3,77.2,100,18.8,1,168.4,187.8,74.9,SOUTH INTERIOR KARNATAKA,2002,11.4,74.9,0.6
762.8,36.4,152.2,3.6,4.2,0.1,162.5,118.2,4.3,484.9,20.1,9.6,66.1,11.5,1,192.4,207.4,51.9,SOUTH INTERIOR KARNATAKA,2003,4.2,52,3.5
1133.4,62.2,211.1,10.4,12.8,9.1,191.7,196.6,21.9,716.8,16.4,180.2,258.7,24,1,101.5,136,117.5,SOUTH INTERIOR KARNATAKA,2004,12.8,117.4,10.5
1319.3,76,233.2,5.3,3.9,7.2,333.5,138.7,11.1,851,3.2,74.7,153.8,56.3,1,241.8,303.5,145.5,SOUTH INTERIOR KARNATAKA,2005,3.9,145.6,5.4
1030.5,24.7,172.9,1.1,0.1,0.2,226.7,183.7,0.3,695.3,35.4,127.1,187.2,84.9,1,61.7,147.7,112,SOUTH INTERIOR KARNATAKA,2006,0.1,112,1.1
1231,39.8,245.5,14.6,0.3,0.1,267.2,216.7,0.4,927.9,0.9,76.7,117.5,18.2,1,152.5,185.3,198.5,SOUTH INTERIOR KARNATAKA,2007,0.3,198.5,14.6
1140.6,24.9,269.8,5.2,20.7,0.8,203.4,149.8,21.5,764.4,108.9,66.3,200.1,32.3,1,117.1,154.6,141.4,SOUTH INTERIOR KARNATAKA,2008,20.7,141.4,5.2
1158.4,25.4,153.2,22.9,0.1,0.1,324.7,101.6,0.2,827.5,27.3,101.3,153.9,55.7,1,98.2,176.8,247.9,SOUTH INTERIOR KARNATAKA,2009,0.1,248,22.9
1239.7,71.1,228.1,2.5,1.7,7.9,235.1,129.1,9.5,743.1,5.6,94.9,171.6,183.5,1,129.6,315.5,150.7,SOUTH INTERIOR KARNATAKA,2010,1.6,150.8,2.4
1087.4,80.2,199.5,5,12.4,2.1,202.4,177.1,14.5,690.2,12.4,83.5,176.1,56.7,1,144.8,206.5,111.2,SOUTH INTERIOR KARNATAKA,2011,12.4,111.2,5
877.8,99,236.5,6.2,5.5,4.6,144.7,81.8,10.1,563.5,8.1,45.6,152.6,82.6,1,62.8,151.6,100.6,SOUTH INTERIOR KARNATAKA,2012,5.5,100.5,6.2
1110.7,34.6,151.7,2.4,10.1,0.5,307.4,176.2,10.6,827.1,11.7,95.6,142,24.9,1,103.7,131,191.8,SOUTH INTERIOR KARNATAKA,2013,10.1,191.8,2.4
1184.2,46.7,254.6,18.7,2.4,0.4,271.6,106.8,2.8,794.5,17.7,130.5,195,20.2,1,152.9,191.8,161.6,SOUTH INTERIOR KARNATAKA,2014,2.4,161.5,18.7
1112.5,80.5,136.6,4.4,0.2,1.7,112,218.7,1.9,631.8,24.4,125.3,230.2,138.1,1,106.1,248.6,164.5,SOUTH INTERIOR KARNATAKA,2015,0.2,164.5,4.4
3248.6,160,357.5,48.4,44.7,28.7,743,824.6,73.4,2122.8,51.6,174.7,386.2,350.8,1,266.9,666.1,197.7,KERALA,1901,44.7,197.7,48.4
3326.6,83.9,315.8,121.5,2.6,6.7,1205,390.9,9.3,2403.4,57.3,134.5,275.7,158.3,1,358.4,638.2,491.6,KERALA,1902,2.6,491.7,121.5
3271.2,83.6,420.2,59,18.6,3.2,1022.5,558.6,21.7,2343,3.1,249.7,336.3,157,1,354.1,570.1,341.8,KERALA,1903,18.5,341.7,59
3129.7,71.5,351.8,3.3,3,23.7,725.5,1098.2,26.7,2398.2,32.2,235.7,339.4,33.9,1,328.1,365.3,222.7,KERALA,1904,3,222.7,3.3
2741.6,105.9,293.6,0.2,22.3,1.2,520.5,850.2,23.4,1881.5,9.4,263.3,378.5,74.4,1,383.5,458.1,217.2,KERALA,1905,22.2,217.2,0.2
2708,59.4,442.8,86,7.4,26.7,954.2,414.9,34.1,1943.1,9.9,160.8,230,163.1,1,251.7,500.8,131.2,KERALA,1906,7.4,131.2,86
3671.1,170.8,981.5,52.8,4.8,18.8,760.4,770.9,23.7,2737.8,55.7,101.4,328,219.1,1,309.7,581.7,225,KERALA,1907,4.9,225,52.9
2648.3,102.9,352.9,11,20.8,8,902.2,592.6,28.8,2023.6,38.2,142.6,283.7,47.9,1,253.3,312.2,175.9,KERALA,1908,20.8,175.9,11
3050.2,93.8,258,32.3,11.8,54.1,782.3,704.7,65.9,1940.4,61.3,473.2,628.3,171.1,1,212.1,415.5,195.4,KERALA,1909,11.8,195.4,32.3
2848.6,124.5,473.8,0.1,25.7,2.7,484.1,680,28.4,1886.5,23.3,148.8,296.7,280.4,1,356.6,637,248.6,KERALA,1910,25.7,248.6,0
2726.7,51,178.6,87.6,4.3,3,705.3,990,7.3,1934,18.2,180.6,249.7,145.7,1,302.3,535.7,60.2,KERALA,1911,4.3,60.1,87.7
3451.3,122.7,534.4,22,15,1.9,833.6,948.2,16.9,2453.1,11.2,217.3,351.1,138.7,1,469.5,630.2,136.8,KERALA,1912,15,136.9,22
2610.8,75.7,247.2,45.8,5.2,3.1,763.2,541.7,8.3,1729,20.7,198.8,295.2,109.9,1,422.5,578.3,176.9,KERALA,1913,5.2,176.9,45.9
2899.1,32.7,402.2,135.2,6.8,0.7,857.7,565.3,7.6,2066.1,18.1,164.2,215,100.9,1,374.4,610.5,241,KERALA,1914,6.9,240.9,135.2
3024.5,106,298.8,14.9,23.5,16.9,775.6,696.1,40.4,2167,42.7,154.5,303.1,302.5,1,196.6,514,396.6,KERALA,1915,23.5,396.5,14.9
2945.3,82.4,396.9,8.9,7.8,0,513.9,920.2,7.8,2170.2,22,199,303.4,134.3,1,320.7,463.9,339.3,KERALA,1916,7.8,339.2,8.9
2704.8,38.1,335.1,41.6,47.6,2.9,342.7,703.7,50.5,1851.7,79.4,122.9,240.4,256.4,1,264.1,562.1,470.3,KERALA,1917,47.6,470.2,41.6
2501.9,51.3,376,54.1,5,42.9,167.5,464.3,47.9,1104.3,32.8,683,767,295.4,1,233.2,582.6,96.4,KERALA,1918,5,96.5,54
3003.3,65.9,484.2,53,6.1,43,648,636.8,49.2,2025,33.9,247,346.8,280.1,1,249.2,582.3,255.9,KERALA,1919,6.2,256,53
3303.1,172,235,8.2,5.5,35.2,940.8,964.3,40.6,2318.2,24.1,87.7,283.7,302.3,1,350.1,660.6,178,KERALA,1920,5.4,178.1,8.2
2719.9,171.3,641.9,15.8,4.7,43,639.8,489.1,47.8,1927.5,15,104.1,290.3,136.2,1,302.4,454.3,156.7,KERALA,1921,4.8,156.7,15.7
3267.6,89.6,320.6,25.1,21.4,30.5,1025.1,663.1,51.9,2231.2,16.3,293.6,399.4,293.7,1,266.3,585.1,222.4,KERALA,1922,21.4,222.4,25.1
3484.7,43.5,943,41.6,0.7,24.7,1008.7,722.5,25.3,2928.4,78.9,80,202.3,83.9,1,203.1,328.6,254.3,KERALA,1923,0.6,254.2,41.6
4226.4,111,624,50.4,2.9,19.3,1526.5,1011.7,22.2,3451.3,66.6,185.4,363,162.9,1,176.5,389.9,289.1,KERALA,1924,2.9,289.1,50.5
3062.1,93.4,554.1,98.8,16.5,4.1,593.5,688.8,20.5,1995.2,76.9,258.2,428.5,223.7,1,295.4,617.9,158.8,KERALA,1925,16.4,158.8,98.8
2965.4,55.8,536,16.2,5.8,28.6,885.2,563.9,34.4,2307.8,23.1,222.6,301.5,88.8,1,216.7,321.7,322.7,KERALA,1926,5.8,322.7,16.2
2994.7,86.5,315,6.8,35.3,18.8,888.2,720.2,54.1,2258.9,49.6,265.4,401.4,137.6,1,135.8,280.2,335.6,KERALA,1927,35.3,335.5,6.8
2502.8,121.1,553.2,52.7,65.9,12.7,420.6,590.7,78.6,1640.4,51.3,81.9,254.3,155.2,1,321.5,529.4,75.9,KERALA,1928,65.9,75.9,52.7
3361.6,210.7,293.9,39.4,29.8,12.8,844,946.6,42.6,2353.5,58.9,148,417.6,158.2,1,350.4,548,268.9,KERALA,1929,29.8,269,39.4
3018,102.7,273.4,89.2,10.8,10.8,401.7,633.1,21.6,1719.7,39,404.9,546.5,207,1,433.9,730.2,411.5,KERALA,1930,10.8,411.5,89.3
3259.6,126.9,1199.2,106.5,0.3,3.3,653.9,541.7,3.6,2558,19.2,131.7,277.8,164.3,1,149.3,420.1,163.2,KERALA,1931,0.3,163.2,106.5
3403,113,423.2,31.3,19.3,0.1,716.4,341,19.4,1797.8,28.6,646.5,788.1,223.2,1,543.2,797.7,317.3,KERALA,1932,19.3,317.2,31.3
4072.9,139.5,479.5,42.3,9.3,1,773.4,859.3,10.3,2581.9,36.9,738.8,915.2,126.1,1,397,565.5,469.7,KERALA,1933,9.3,469.7,42.4
2410.7,92.4,337.2,4.9,1.7,74.5,415,852.9,76.2,1653.5,47.7,106.7,246.8,93.4,1,335.9,434.2,48.4,KERALA,1934,1.7,48.4,4.9
2498.2,120.7,280.9,30.9,8.3,23.9,687.3,431.3,32.3,1682.9,18.1,56.6,195.4,153,1,403.8,587.6,283.3,KERALA,1935,8.4,283.4,30.8
3043.3,34,367.9,18.6,16.5,1.2,672.1,620.8,17.7,1947.5,116,466.5,616.6,211.1,1,231.7,461.5,286.7,KERALA,1936,16.5,286.7,18.7
2818.2,175.5,281.2,19.1,21.2,6.5,970.5,485.6,27.7,1877.1,58.7,137.1,371.3,121,1,401.9,542,139.8,KERALA,1937,21.2,139.8,19.1
2634.1,164.5,287.9,22.9,79,0.3,648.6,681.6,79.4,1841.3,53.3,179.6,397.3,69.5,1,223.7,316.1,223.2,KERALA,1938,79.1,223.2,22.9
2937.5,172.8,459.9,10.2,3.6,13.6,749.6,625.8,17.2,1969.4,24.9,105.1,302.8,298.1,1,339.8,648.1,134.1,KERALA,1939,3.6,134.1,10.2
3117.8,126.5,610.8,60.1,1.5,0.6,877.3,606.4,2.1,2162.7,3.8,217.4,347.6,287.5,1,257.7,605.3,68.2,KERALA,1940,1.5,68.2,60.1
3111.1,101.9,458.5,84.6,4.6,15.9,517.9,797.6,20.5,2031.8,12.7,417.5,532,220.5,1,221.6,526.7,257.9,KERALA,1941,4.6,257.8,84.6
3050.9,180.3,329.3,117.9,4.7,2.4,828.8,813.6,7,2071.4,23.2,191.9,395.4,84.7,1,374.4,577,99.8,KERALA,1942,4.6,99.7,117.9
3464.2,107.5,183.3,24.3,14.6,83.5,831.6,794.5,98.1,2067,38.4,478.4,624.3,223.4,1,427.2,674.9,257.6,KERALA,1943,14.6,257.6,24.3
2490,61.6,230.7,89.2,26.6,6.4,614.1,498.9,33,1498.7,61.6,212.7,336,244.1,1,289,622.3,155,KERALA,1944,26.6,155,89.2
2432.4,104.1,351.8,18,9.9,4.4,704,549.8,14.3,1716.5,12.7,53.4,170.2,259.5,1,253.8,531.4,110.9,KERALA,1945,9.9,110.9,18.1
3565.5,139.8,695.6,202.3,5.4,1.8,671.7,919,7.3,2485.7,108.4,83,331.2,273,1,266.1,741.3,199.4,KERALA,1946,5.5,199.4,202.2
2998.1,142.2,739.6,47,27.3,22.2,669.3,556.1,49.5,2359.5,98,85.7,325.9,32.4,1,183.7,263.2,394.5,KERALA,1947,27.3,394.5,47.1
3039.2,125,487.9,19.2,8.3,43,619,910.2,51.3,2183.7,48.2,212.3,385.5,215.6,1,183.9,418.7,166.6,KERALA,1948,8.3,166.6,19.2
2942.6,98.1,445.2,1.8,1.8,0.6,758.7,536.3,2.4,2094.7,4.5,440,542.6,71.9,1,229.1,302.8,354.5,KERALA,1949,1.8,354.5,1.8
3146.6,68.5,387.3,8.8,53.7,0.1,905.7,638.3,53.8,2342.9,31.1,242,341.5,149.2,1,250.4,408.4,411.6,KERALA,1950,53.7,411.6,8.8
2705.5,175.9,190.6,23.2,6.5,6.6,544.6,774.1,13.1,1823,41.6,148.5,366,229.6,1,250.6,503.5,313.8,KERALA,1951,6.5,313.7,23.3
2334.8,112.2,413.6,66.9,48.2,5.2,430,576.7,53.4,1477.7,20.8,214.6,347.6,49.6,1,339.6,456.1,57.4,KERALA,1952,48.2,57.4,66.9
2544.9,132.4,356.4,5.1,22.6,13.1,1027.6,340.5,35.7,1825.1,18.5,55.4,206.3,62.2,1,410.5,477.8,100.5,KERALA,1953,22.6,100.6,5.1
2938,136.9,467,62.5,2.8,23.5,640.5,798.3,26.3,2107.4,90.6,179.5,407,31.6,1,303.1,397.2,201.6,KERALA,1954,2.8,201.6,62.5
3134.7,125.9,236,19.8,6.3,4.2,392.8,782.4,10.5,1849.7,28.2,544.2,698.3,178.1,1,378.2,576.1,438.5,KERALA,1955,6.3,438.5,19.8
2798.4,151.6,319.5,9.1,11.7,7.9,466.8,755.4,19.6,1720.1,15.1,351.3,518,178.2,1,353.3,540.6,178.4,KERALA,1956,11.7,178.4,9.1
3103.3,70.2,358.8,28.9,16,1.2,835.3,872,17.2,2107.4,25.7,381.2,477.2,192.5,1,280.1,501.5,41.3,KERALA,1957,16,41.3,28.9
2923.1,135.1,526.6,7.7,19.3,4.4,622.7,713.3,23.7,1948.7,57.3,353.5,545.9,206.1,1,191,404.8,86.1,KERALA,1958,19.3,86.1,7.7
3746,150.7,397.3,34,21.4,3,1155.7,872.8,24.3,2831.2,6.3,347.2,504.2,151.9,1,200.4,386.3,405.5,KERALA,1959,21.3,405.4,34
3385.5,206.6,336.8,23.7,8.4,9.4,750.9,480.3,17.8,1939.2,44.4,540,791,358,1,255.9,637.5,371.2,KERALA,1960,8.4,371.2,23.6
4257.8,94.1,678.3,17.5,31.3,13.7,1146.5,1005.2,45,3229.3,11.4,500.5,606,85.9,1,274.2,377.6,399.3,KERALA,1961,31.3,399.3,17.5
3375.8,95.1,510.7,76.9,54.7,28.4,951.1,244.9,83.1,2101.6,39.6,472.4,607.1,31.5,1,475.6,584,394.9,KERALA,1962,54.7,394.9,76.9
2651.1,96.3,511,48.4,24.8,30.2,720.2,393.3,55,1848.5,69.8,157.1,323.2,93.4,1,282.6,424.4,223.9,KERALA,1963,24.8,224,48.4
2869.1,83.3,548,17.8,7.8,1.1,754.2,379.4,8.8,2079.8,67.2,94.8,245.2,191.7,1,325.7,535.2,398.2,KERALA,1964,7.7,398.2,17.8
2342.4,109.8,296.1,155.5,0.9,9.1,465.1,597.7,10,1508.9,28.3,214.5,352.6,131.7,1,183.7,470.9,150.1,KERALA,1965,0.9,150,155.5
2621.7,167.4,202.1,50.5,6.9,3,601.9,496.2,9.9,1593.3,67.7,95.2,330.3,245.4,1,392.3,688.2,293.2,KERALA,1966,6.9,293.1,50.5
2569.1,70.1,508.4,31.1,0.1,14.3,741.4,541.7,14.4,1937.3,24.6,244.9,339.6,74,1,172.7,277.8,145.8,KERALA,1967,0.1,145.8,31.1
3392.7,133.3,380.7,32.7,30.5,7.3,1308.9,696.4,37.8,2711.4,89.2,90,312.5,119.4,1,178.9,331,325.4,KERALA,1968,30.5,325.4,32.7
2665,117.2,284.8,66.3,6.4,2.7,818.8,550.5,9.1,1870.6,19.4,227.4,364,119.4,1,235.6,421.3,216.4,KERALA,1969,6.4,216.5,66.3
2703.5,132.7,554.8,5.7,17.6,12.9,558.1,535.3,30.5,1860.7,25.8,289.1,447.7,80.5,1,278.3,364.6,212.5,KERALA,1970,17.6,212.5,5.8
3076.8,113,385.2,62.3,18.5,31.6,648.6,889.6,50.1,2254.6,20,317.5,450.6,38.3,1,220.9,321.5,331.2,KERALA,1971,18.5,331.2,62.3
2739.4,87.5,294.9,114.3,7.5,2.6,714.4,401.8,10.2,1596.8,2.5,436,526,140.5,1,351.5,606.4,185.7,KERALA,1972,7.6,185.7,114.4
2412.5,131.5,487.5,53.8,0.3,0,583.5,617,0.3,1749.2,12.3,119.9,263.8,84.5,1,260.8,399.2,61.3,KERALA,1973,0.3,61.2,53.9
2767.4,128,533.6,3.6,5.4,1.6,1004.2,266.9,7,2188.2,16,221.5,365.6,61,1,142.1,206.6,383.6,KERALA,1974,5.4,383.5,3.5
3498.4,123.8,675.9,19.9,21.4,5.2,531.3,864.4,26.6,2529.3,63.4,162.2,349.3,204.3,1,368.9,593.1,457.7,KERALA,1975,21.4,457.7,19.9
2068.8,134.5,342.6,30.8,1.5,0.1,641.5,196.8,1.6,1297.1,21,75.8,231.3,286.7,1,221.3,538.8,116.2,KERALA,1976,1.5,116.2,30.8
3047.6,102.3,234.2,6.7,15.7,1.1,753.3,599.6,16.8,1788.5,28.3,306.4,436.9,361.7,1,437,805.4,201.3,KERALA,1977,15.7,201.4,6.7
3176.7,73.9,516.8,39,14.7,3.3,686.7,758.1,18,2081.1,31.4,396.8,502.1,365.6,1,171,575.6,119.4,KERALA,1978,14.7,119.5,39
2503,42,383.7,23.3,30,2.4,662.2,582.9,32.4,1840.5,11.7,127.7,181.3,261.7,1,163.8,448.8,211.7,KERALA,1979,30,211.7,23.3
2803.4,114.8,438.1,39.5,0.9,0,754,745.9,0.9,2077.5,20.8,105.3,240.9,162.3,1,282.3,484.1,139.5,KERALA,1980,0.9,139.5,39.5
3005.9,75.9,495.6,43.3,6.8,7,489.8,912.4,13.8,2274.4,28.5,166.3,270.8,138.6,1,265,446.9,376.6,KERALA,1981,6.8,376.6,43.3
2223.3,60.4,495,10.8,0.1,0.7,511.5,612.2,0.8,1689.2,21.9,148.2,230.6,127.5,1,164.4,302.7,70.6,KERALA,1982,0.1,70.5,10.8
2320.3,13.1,579.9,69.1,1.5,0.2,583.2,322.8,1.7,1906.9,0.9,76,89.9,116.5,1,136.2,321.8,421.1,KERALA,1983,1.5,421,69.1
2762.1,162.1,284.4,18,60,36.8,653.6,842.6,96.8,1951.6,95.3,84.6,342,67.7,1,286,371.7,171.1,KERALA,1984,60,171,18
2390.5,66.6,315.3,44,6.1,61.2,388.9,828.7,67.3,1650.4,29.3,254.2,350,74.9,1,204,322.8,117.6,KERALA,1985,6.1,117.5,43.9
2093.2,63.1,340.3,9.5,18.7,5.6,324.8,597.9,24.3,1498.4,11.2,126.7,200.9,194.7,1,165.5,369.6,235.4,KERALA,1986,18.7,235.4,9.4
2137.6,57.2,396.6,131.1,0.8,0.6,221,572.6,1.4,1347.2,4.3,108.3,169.7,216,1,272.1,619.2,157,KERALA,1987,0.8,157,131.1
2403.5,177.6,379.8,31.1,17.5,0.8,502.8,511.3,18.3,1845.7,38.1,157.2,372.9,67,1,68.5,166.6,451.7,KERALA,1988,17.5,451.8,31.1
2422.7,141.5,285.5,5.6,0,10.3,450.7,657.5,10.3,1664.7,30.1,169.4,341.1,92.9,1,308,406.5,271.1,KERALA,1989,0,271,5.6
2693.1,41.8,370.8,5.2,4.8,14.9,635.4,528.6,19.7,1638,18,488.5,548.3,158.8,1,323.2,487.2,103.3,KERALA,1990,4.8,103.2,5.2
3184.5,97,465.5,2.3,4.4,10.9,905.5,1096.1,15.3,2515.6,33.2,113.4,243.6,99.9,1,307.8,410,48.5,KERALA,1991,4.4,48.5,2.3
3239.5,43,508,3.7,0.9,2.4,767.8,819.3,3.4,2392.5,0.1,218.4,261.6,287.6,1,290.7,582.1,297.5,KERALA,1992,1,297.4,3.8
2717.7,66.5,301.9,46.2,17.8,0,776.1,657.1,17.8,1823.1,20.1,159,245.6,153.8,1,431.2,631.3,88,KERALA,1993,17.8,88,46.3
3410.8,154.5,479.9,6.5,27.1,24.3,955.5,845,51.4,2493,18.1,141.3,313.9,117.6,1,428.4,552.5,212.6,KERALA,1994,27.1,212.6,6.5
2858.8,134.9,457.3,0.1,6.5,10.3,702.5,493.4,16.8,1933.2,37.3,355.6,527.8,182.6,1,198.3,380.9,280,KERALA,1995,6.5,280,0
2610,124.3,327.4,62.5,9.1,2.8,696,572.4,11.8,1938.5,14.4,74.3,213,89.9,1,294.1,446.6,342.7,KERALA,1996,9,342.7,62.6
3252.4,60.6,536,88.4,1.5,2.1,970.5,544.2,3.7,2342.9,36.1,133.6,230.2,298.4,1,288.9,675.7,292.2,KERALA,1997,1.6,292.2,88.4
3151.5,61.1,371.8,79.4,2.1,6,641.4,732.5,8,2263.4,8.1,151.6,220.8,135,1,444.8,659.3,517.6,KERALA,1998,2,517.7,79.5
2914.6,111.6,266.3,4.9,23.8,1.8,700.4,607.3,25.5,1661.9,21.4,453.2,586.2,68.1,1,567.9,640.9,88,KERALA,1999,23.7,87.9,4.9
2412.6,96.3,566.5,69.1,57.8,11.7,343.2,633.8,69.5,1739.4,21.5,124.5,242.3,78.1,1,214.2,361.5,195.8,KERALA,2000,57.8,195.9,69.2
2931.1,238,361.3,10.1,28.3,16.5,598.5,715.3,44.7,1892,7,238.6,483.7,181,1,319.6,510.7,216.8,KERALA,2001,28.2,216.9,10.1
2507.4,117.3,438.2,2.1,8.7,4.7,318.7,503.1,13.3,1359,35.7,330.8,483.7,137.5,1,511.7,651.3,99,KERALA,2002,8.6,99,2.1
2394.9,134.4,350.3,9.7,50.9,0.7,532,566.7,51.6,1542.6,82.1,91,307.5,76.4,1,407,493.1,93.6,KERALA,2003,50.9,93.6,9.7
2886.1,113.2,417.9,2.7,8.1,2.4,385.4,673.4,10.5,1669.5,37.9,610.9,762,120.7,1,320.6,444,192.8,KERALA,2004,8.1,192.8,2.7
3031.1,205.9,291,56.4,7,19.8,832.7,619.2,26.8,2157.6,25.3,134.8,366,184.3,1,240.1,480.7,414.7,KERALA,2005,7,414.7,56.3
3420.6,65.3,432.6,1.8,0.5,8.1,804,482.4,8.6,2193.8,90.7,521.2,677.2,162.8,1,376.4,541,474.8,KERALA,2006,0.5,474.8,1.8
3489.6,138.5,489.6,11.9,5.6,0.5,966.3,705.9,6.1,2688.5,7.3,192.7,338.4,87.4,1,357.2,456.5,526.7,KERALA,2007,5.6,526.7,11.9
2524.5,108.4,349,17,30.3,0.8,505.1,469.9,31.1,1670.9,217.2,81.2,406.7,55.4,1,343.4,415.7,347,KERALA,2008,30.3,346.9,16.9
2810.6,69,269.3,44.2,1.5,3.3,924.9,438.2,4.8,1958.9,62.6,191.6,323.1,274.4,1,205.2,523.8,326.5,KERALA,2009,1.5,326.5,44.2
3131.8,138.9,356,46.8,1,18.6,629,667.5,19.6,1928,31.4,190.6,360.9,335.1,1,441.4,823.3,275.6,KERALA,2010,1,275.5,46.8
3035.1,165.2,492.7,49.5,45.7,20.5,536.8,788.5,66.2,2209.1,24.1,124.2,313.5,169.7,1,227.2,446.3,391.2,KERALA,2011,45.7,391.1,49.4
2151.1,171.1,501.6,9.4,11,7.4,362.6,430.3,18.3,1535.6,21,95.3,287.4,112.9,1,187.5,309.8,241.1,KERALA,2012,10.9,241.1,9.4
3255.4,49.3,369.7,17,40.1,3.9,830.2,1042.7,43.9,2561.2,49.9,119.3,218.5,154.9,1,259.9,431.8,318.6,KERALA,2013,40,318.6,17
3046.4,95.7,733.9,47.2,10.3,4.6,677.8,454.4,14.9,2164.8,17.9,251,364.5,99.5,1,355.5,502.1,298.8,KERALA,2014,10.3,298.7,47.1
2600.6,214.1,252.2,79.4,5.8,3.1,406,563.6,8.9,1514.7,50.1,201.8,465.9,223.6,1,308.1,611.1,292.9,KERALA,2015,5.8,292.9,79.4
1459.2,263.8,0,15,86.4,22.6,0,459,109,505.7,114.8,37.3,415.9,229.9,1,183.7,428.6,46.7,LAKSHADWEEP,1901,86.4,46.7,15
2158.8,40.4,170,49,9.6,99.3,413.3,374.2,108.9,1171.8,32.6,179.1,252.1,192.8,1,384.2,626,214.3,LAKSHADWEEP,1902,9.6,214.3,49
,29.5,202,,95,63.5,261.8,212.4,158.5,968.3,0,144.1,173.6,,1,79.1,,292.1,LAKSHADWEEP,1903,95,292.1,-79.1
1176.9,13.2,38.9,68.9,0,0,256,261.3,0,776.1,13.5,143.3,170,8.3,1,153.6,230.8,219.9,LAKSHADWEEP,1904,0,219.9,68.9
1574.9,0,377.5,0,0,62.4,68.7,400.7,62.4,954.4,0,166.7,166.7,159.3,1,232.1,391.4,107.5,LAKSHADWEEP,1905,0,107.5,0
1811.6,33.8,260.5,63.8,0,17.8,348.6,465,17.8,1100,24.4,213,271.2,106.5,1,252.3,422.6,25.9,LAKSHADWEEP,1906,0,25.9,63.8
1458.8,123.5,165.6,47.4,49.3,60.6,199.5,241.1,109.9,632,0,77,200.5,292.7,1,176.3,516.4,25.8,LAKSHADWEEP,1907,49.3,25.8,47.4
1959.1,162,73.9,96.7,9.2,18,184.9,471.7,27.2,1167.5,5.6,150.9,318.5,98,1,251.2,445.9,437,LAKSHADWEEP,1908,9.2,437,96.7
1463.5,92.4,368.8,32.3,0,70.4,122.4,204,70.4,800.3,34.2,48.4,175,45,1,340.5,417.8,105.1,LAKSHADWEEP,1909,0,105.1,32.3
1849.2,34.3,292.4,0,0,2.3,155.2,340.4,2.3,1089.8,32.8,201.1,268.2,171.8,1,317.1,488.9,301.8,LAKSHADWEEP,1910,0,301.8,0
1687.7,0,60.3,170,0,22.4,245.5,425.3,22.4,799,0,104.2,104.2,276,1,316.1,762.1,67.9,LAKSHADWEEP,1911,0,67.9,170
1654.9,118.6,152.2,92.5,54.6,11.4,171.7,417.8,66,810.6,8.1,165.1,291.8,126.2,1,267.8,486.5,68.9,LAKSHADWEEP,1912,54.6,68.9,92.5
1518.5,53.4,235.5,84.9,1.8,77,215.5,251.8,78.8,741.4,50.3,244,347.7,111.4,1,154.3,350.6,38.6,LAKSHADWEEP,1913,1.8,38.6,84.9
2034,10.2,220.4,258.9,0,10.4,347.5,377.1,10.4,971.5,53.3,120.7,184.2,172,1,437,867.9,26.5,LAKSHADWEEP,1914,0,26.5,258.9
1545.5,50.5,76,78.3,0,0,461.6,183.4,0,943.1,22.9,143.3,216.7,155.8,1,151.6,385.7,222.1,LAKSHADWEEP,1915,0,222.1,78.3
1398.5,28.7,31.8,10.4,13.2,0.3,445.9,327.6,13.5,1080.7,32,130.5,191.2,17.5,1,85.2,113.1,275.4,LAKSHADWEEP,1916,13.2,275.4,10.4
,,,,68.6,,,,,,,,,,1,,,,LAKSHADWEEP,1917,0,0,0
1926.5,25.6,175.6,112.8,1.3,74.4,367.4,352.1,75.7,1092,39.4,249.8,314.8,150.2,1,181,444,196.9,LAKSHADWEEP,1919,1.3,196.9,112.8
,49.4,116.9,33.1,,82.6,134.2,530,,1028.7,35.6,203.1,288.1,359.6,1,258.8,651.5,247.6,LAKSHADWEEP,1920,-82.6,247.6,33.1
,82.4,235.5,93,0,37.6,163.7,326.2,37.6,,16.8,156.3,255.5,110.3,1,170.3,373.6,,LAKSHADWEEP,1921,0,-725.4,93
1928.5,214.1,190.4,57.9,56.7,17.8,258,232.9,74.5,1106.5,0,112.8,326.9,210,1,152.7,420.6,425.2,LAKSHADWEEP,1922,56.7,425.2,57.9
1572.2,0,198.9,197.9,1.6,43.7,314.6,372.8,45.3,1075.6,25,13.5,38.5,65.2,1,149.7,412.8,189.3,LAKSHADWEEP,1923,1.6,189.3,197.9
1972,57.6,396.4,8.6,1,23.8,339.2,567.3,24.8,1539.7,4.7,224.9,287.2,15.2,1,96.5,120.3,236.8,LAKSHADWEEP,1924,1,236.8,8.6
1676.9,32.6,295.3,242,7.5,2.3,192.3,327.5,9.8,878.6,15.5,244.2,292.3,144.9,1,109.3,496.2,63.5,LAKSHADWEEP,1925,7.5,63.5,242
1836.2,60.2,118.2,13.8,16,262.8,303.9,392,278.8,911.3,33.6,335.8,429.6,119.3,1,83.4,216.5,97.2,LAKSHADWEEP,1926,16,97.2,13.8
,40.4,42,,14.7,108.2,,181.2,122.9,,40.7,229,310.1,,1,,,256,LAKSHADWEEP,1927,14.7,-223.2,0
,1.4,174.9,139.3,66.6,42.5,268.8,206.9,109.1,704.4,,212.3,,116.3,1,124.1,379.7,53.8,LAKSHADWEEP,1928,66.6,53.8,139.3
,91,34.2,28.8,66.6,6.1,452.7,259.3,72.7,932.5,49.5,248,388.5,,1,100.2,,186.3,LAKSHADWEEP,1929,66.6,186.3,-100.2
1258.4,0,186.4,72.4,24.6,14,115.5,277.5,38.6,772.4,14.2,110.6,124.8,79.6,1,170.6,322.6,193,LAKSHADWEEP,1930,24.6,193,72.4
,28.5,347.9,96.1,0,,290.4,262,,1067.4,0,194.6,223.1,118.3,1,102,316.4,167.1,LAKSHADWEEP,1931,0,167.1,96.1
1893.7,0.4,286.7,56.7,0.2,0,435,239.4,0.2,1024.6,4.8,372.6,377.8,178.1,1,256.3,491.1,63.5,LAKSHADWEEP,1932,0.2,63.5,56.7
2314.1,44.5,334.8,17.6,34.5,6.1,366,200.3,40.6,1291.1,16.5,660.8,721.8,85.1,1,157.9,260.6,390,LAKSHADWEEP,1933,34.5,390,17.6
1087.9,30.8,71.4,0.3,5.7,122.3,197.1,305.1,128,649.9,5.1,37.4,73.3,74.9,1,161.5,236.7,76.3,LAKSHADWEEP,1934,5.7,76.3,0.3
1529.2,41.1,277.5,92.4,7.7,9.2,309.1,351.8,16.9,1074.8,0,15.8,56.9,145.4,1,142.8,380.6,136.4,LAKSHADWEEP,1935,7.7,136.4,92.4
1744.1,18.8,161.1,59.2,1,0.5,177.1,464.2,1.5,1021.5,41.1,354.8,414.7,177.1,1,70.1,306.4,219.1,LAKSHADWEEP,1936,1,219.1,59.2
1443.6,15.8,80,32.8,2.5,8.3,391,371.8,10.8,944.1,1.5,79.7,97,191,1,167.9,391.7,101.3,LAKSHADWEEP,1937,2.5,101.3,32.8
1547.6,74,385.8,120.3,6.3,6.8,230.3,145.4,13.1,894.3,8,113.8,195.8,210.8,1,113.3,444.4,132.8,LAKSHADWEEP,1938,6.3,132.8,120.3
1207.3,2.5,248,5.8,0.5,9,220.1,412.7,9.5,927.8,0,20.3,22.8,126.8,1,114.6,247.2,47,LAKSHADWEEP,1939,0.5,47,5.8
1406.7,19.2,242,40.8,0.4,14.8,267.2,292.5,15.2,838.1,0,61.4,80.6,194.3,1,237.7,472.8,36.4,LAKSHADWEEP,1940,0.4,36.4,40.8
1163.4,1,182.4,44,16.5,44.4,142,213.3,60.9,676.2,2.7,227.6,231.3,72.9,1,78.1,195,138.5,LAKSHADWEEP,1941,16.5,138.5,44
1786.2,69.1,207.3,160.7,3.8,40,346.6,539.7,43.8,1183.7,15.1,154.1,238.3,39.2,1,120.5,320.4,90.1,LAKSHADWEEP,1942,3.8,90.1,160.7
,,203.1,55.5,57.4,112.6,346,422.3,170,1126.2,0,146,,142.8,1,309.3,507.6,154.8,LAKSHADWEEP,1943,57.4,154.8,55.5
1668.1,16.6,99.1,86.7,67.9,25.4,247.3,261.4,93.3,880.4,5.8,174.5,196.9,234.9,1,175.9,497.5,272.6,LAKSHADWEEP,1944,67.9,272.6,86.7
1321.3,0.9,148.8,65.6,1.3,16.8,341,362,18.1,894.6,0,54.2,55.1,155.1,1,132.8,353.5,42.8,LAKSHADWEEP,1945,1.3,42.8,65.6
,32,,,1.5,15.7,,,17.2,,9.5,,,,1,,,,LAKSHADWEEP,1946,1.5,0,0
1755.9,140.2,504.6,29.9,9.1,20.1,303.6,364.8,29.2,1341.8,24.3,87.9,252.4,28.4,1,74.2,132.5,168.8,LAKSHADWEEP,1947,9.1,168.8,29.9
1325.3,17.2,124.8,34.2,5.7,70,159,278.5,75.7,601.8,0.2,121,138.4,118.5,1,356.7,509.4,39.5,LAKSHADWEEP,1948,5.7,39.5,34.2
,2.4,242.5,8.8,1,2.2,476.7,380.5,3.2,1288.2,0,372.5,374.9,,1,80.1,,188.5,LAKSHADWEEP,1949,1,188.5,-80.1
1494.1,69.9,266.5,99.7,38.7,8.5,405,203.1,47.2,1009.9,25.1,158.6,253.6,31,1,52.7,183.4,135.3,LAKSHADWEEP,1950,38.7,135.3,99.7
1715.3,129.9,43.7,47.3,28.9,24.3,524.2,445.1,53.2,1169,35.3,108.4,273.6,103.6,1,68.6,219.5,156,LAKSHADWEEP,1951,28.9,156,47.3
1124.5,11.6,79.6,22.7,11.2,21.3,157.9,343.5,32.5,619.3,0.8,152.4,164.8,12.2,1,273,307.9,38.3,LAKSHADWEEP,1952,11.2,38.3,22.7
1606.2,35,69.4,9.7,40.8,10.4,537,205.8,51.2,937.7,9.3,15.3,59.6,95.6,1,452.4,557.7,125.5,LAKSHADWEEP,1953,40.8,125.5,9.7
1555.5,39.8,232.9,23.3,0,74.1,259.5,375.2,74.1,991.1,14.6,122.3,176.7,34.1,1,256.2,313.6,123.5,LAKSHADWEEP,1954,0,123.5,23.3
1548.3,105.4,63.2,13.5,39.1,11.4,215.4,345.5,50.5,926.6,0,235.2,340.6,61.2,1,155.9,230.6,302.5,LAKSHADWEEP,1955,39.1,302.5,13.5
1287.4,40.8,91.6,4.9,27.7,13.6,109.8,356.1,41.3,705.5,1.3,269.5,311.6,48.5,1,175.6,229,148,LAKSHADWEEP,1956,27.7,148,4.9
1347.2,23.7,149.6,31.2,11.4,0.9,129.1,309.9,12.3,636.1,34.6,195.6,253.9,198.5,1,215.2,444.9,47.5,LAKSHADWEEP,1957,11.4,47.5,31.2
992.6,8,238.2,36.2,1.6,0.2,84.5,269.4,1.8,646.1,0,116,124,51.1,1,133.4,220.7,54,LAKSHADWEEP,1958,1.6,54,36.2
1583.6,51.6,151.2,29,0,15,205.8,337.7,15,877.9,8,320.5,380.1,97.8,1,183.8,310.6,183.2,LAKSHADWEEP,1959,0,183.2,29
1901.8,85.4,168.4,17,40,29.6,257.3,176.8,69.6,823.8,3.3,497.1,585.8,235.9,1,169.7,422.6,221.3,LAKSHADWEEP,1960,40,221.3,17
2235.3,31.3,228.2,93.8,47.4,60.3,297.3,593.2,107.7,1334.5,0,421.1,452.4,98.8,1,148.1,340.7,215.8,LAKSHADWEEP,1961,47.4,215.8,93.8
1586.6,81.5,286.7,76.1,0,11.1,204.5,149.3,11.1,842.3,0,331.2,412.7,33.5,1,210.9,320.5,201.8,LAKSHADWEEP,1962,0,201.8,76.1
1902.1,72.6,249.9,82.1,112.9,126.7,367,233,239.6,971.7,6.5,204.6,283.7,211.5,1,113.5,407.1,121.8,LAKSHADWEEP,1963,112.9,121.8,82.1
1651.7,40.4,174.6,24,3.5,2.5,407,376.1,6,1300.2,5.2,64.2,109.8,90.8,1,120.9,235.7,342.5,LAKSHADWEEP,1964,3.5,342.5,24
1405.9,35,267.7,320.6,7.3,0.2,164.2,200.6,7.5,724.9,8.3,162.5,205.8,77.9,1,69.2,467.7,92.4,LAKSHADWEEP,1965,7.3,92.4,320.6
1741.5,4.4,158.9,67.5,0.2,21.3,421.9,376.7,21.5,1182.9,6.2,34.9,45.5,158,1,266.1,491.6,225.4,LAKSHADWEEP,1966,0.2,225.4,67.5
1287.3,0,196.9,33.1,2.7,7.8,380.1,301.2,10.5,978.6,0,148.3,148.3,24.5,1,92.3,149.9,100.4,LAKSHADWEEP,1967,2.7,100.4,33.1
1344.4,45.4,84.1,42.9,1.8,8.7,439.8,393.8,10.5,1120.5,30.6,16.6,92.6,31.4,1,46.5,120.8,202.8,LAKSHADWEEP,1968,1.8,202.8,42.9
1416.1,63.3,225.3,165.2,4.1,30,149,125.6,34.1,595.8,0,237.9,301.2,157.5,1,162.3,485,95.9,LAKSHADWEEP,1969,4.1,95.9,165.2
1783,32.3,284.6,18.9,6.3,18.7,484.4,322.1,25,1320,13.8,164.9,211,81.2,1,126.9,227,228.9,LAKSHADWEEP,1970,6.3,228.9,18.9
1901.4,25,349.6,133.1,12.3,3.8,308.1,333.9,16.1,1273.4,5.4,271.6,302,63,1,113.8,309.9,281.8,LAKSHADWEEP,1971,12.3,281.8,133.1
1287.6,11.4,172.5,9.4,1.1,0,197.3,349.2,1.1,871,0,81.3,92.7,94.2,1,219.2,322.8,152,LAKSHADWEEP,1972,1.1,152,9.4
1557.4,40.7,437.9,99.7,5.8,0.3,299.9,260.5,6.1,1055.6,0,96.3,137,108.1,1,150.9,358.7,57.3,LAKSHADWEEP,1973,5.8,57.3,99.7
1511.3,35.4,165.7,7.2,16.8,0,491.6,277.6,16.8,1193.2,0.8,171.9,208.1,20.1,1,65.9,93.2,258.3,LAKSHADWEEP,1974,16.8,258.3,7.2
1890.5,92.9,348.4,45,0.7,8.6,278,250,9.3,1175.9,18.4,282.2,393.5,155.2,1,111.6,311.8,299.5,LAKSHADWEEP,1975,0.7,299.5,45
1502.1,72.9,344.1,11.1,0,10.3,329.2,260.7,10.3,970.6,1.1,85.3,159.3,161.6,1,189.2,361.9,36.6,LAKSHADWEEP,1976,0,36.6,11.1
1848.2,27.6,125.3,1.4,38.2,1.4,337.4,460.7,39.6,1014.1,16.5,256.8,300.9,243.8,1,248.4,493.6,90.7,LAKSHADWEEP,1977,38.2,90.7,1.4
1967.4,44.1,303.5,18.6,6.5,0.2,224.7,568.3,6.7,1201.6,0.6,309.5,354.2,294.2,1,92.1,404.9,105.1,LAKSHADWEEP,1978,6.5,105.1,18.6
1825.4,15.4,127.3,42.2,1.3,14.9,451.3,367.1,16.2,1166.8,10,23.1,48.5,378.1,1,173.6,593.9,221.1,LAKSHADWEEP,1979,1.3,221.1,42.2
1211.7,19.7,217.6,113.6,10.5,7.5,185,233.6,18,703.2,13.1,123.5,156.3,98.5,1,122.1,334.2,67,LAKSHADWEEP,1980,10.5,67,113.6
1617.4,22.3,213.3,34.6,20.4,1.8,168.9,421.5,22.2,1085.1,0.6,208.6,231.5,76.6,1,167.4,278.6,281.4,LAKSHADWEEP,1981,20.4,281.4,34.6
1392,0.4,326.1,9.4,0.4,1.6,254.5,321.6,2,1023.5,0.6,106.8,107.8,178.6,1,70.7,258.7,121.3,LAKSHADWEEP,1982,0.4,121.3,9.4
1403.2,0.2,375,52.5,0,1.4,277,215,1.4,1086.8,0,113.5,113.7,71.2,1,77.6,201.3,219.8,LAKSHADWEEP,1983,0,219.8,52.5
1591.6,65.1,124.9,25,114.9,71.1,271.5,318.9,186,798.4,96.7,46.7,208.5,155.4,1,218.3,398.7,83.1,LAKSHADWEEP,1984,114.9,83.1,25
1303.4,11.1,203,83.7,0,6.4,152.1,326.1,6.4,887.6,27.4,182.9,221.4,62.3,1,42,188,206.4,LAKSHADWEEP,1985,0,206.4,83.7
1465.9,6.5,218.3,49.5,3,12.4,193.3,399.2,15.4,990.7,25.3,102.1,133.9,147.8,1,128.6,325.9,179.9,LAKSHADWEEP,1986,3,179.9,49.5
1288.6,16.5,284.7,128.3,1.5,1.9,29.4,389.3,3.4,886.8,0,72.9,89.4,47.7,1,133,309,183.4,LAKSHADWEEP,1987,1.5,183.4,128.3
1450.8,54,240.9,5.8,7,0.8,293.6,352.5,7.8,1127.9,0.9,142.8,197.7,82.7,1,28.9,117.4,240.9,LAKSHADWEEP,1988,7,240.9,5.8
1714.4,93,167.3,3.5,0,20.6,387.5,473.5,20.6,1244.6,4.4,106.7,204.1,69.2,1,172.4,245.1,216.3,LAKSHADWEEP,1989,0,216.3,3.5
1310.5,0,123.5,5,0.3,38.9,334,181.6,39.2,738,21.4,191.1,212.5,155.4,1,160.4,320.8,98.9,LAKSHADWEEP,1990,0.3,98.9,5
1583,12.3,253.8,28.6,0,12.3,241.1,604.3,12.3,1144.9,18.7,68,99,75.5,1,222.7,326.8,45.7,LAKSHADWEEP,1991,0,45.7,28.6
1534.9,3.3,373.3,31.7,0.1,4,363,346.6,4.1,1178,0,128.1,131.4,69.3,1,120.4,221.4,95.1,LAKSHADWEEP,1992,0.1,95.1,31.7
1449.7,0.2,154.4,40.8,0.5,1.2,346.7,276.1,1.7,938.2,0.2,56.5,56.9,280.5,1,131.6,452.9,161,LAKSHADWEEP,1993,0.5,161,40.8
1547.1,88.8,219.7,1.2,66.6,12.4,240.2,361.1,79,897.2,34.8,78.9,202.5,153.7,1,213.5,368.4,76.2,LAKSHADWEEP,1994,66.6,76.2,1.2
2030.9,315.4,384.8,3.3,18.5,131.3,486.7,286,149.8,1229.3,0.3,179.6,495.3,72.2,1,81,156.5,71.8,LAKSHADWEEP,1995,18.5,71.8,3.3
1606,17.4,197.3,131.6,1.1,44.7,335.3,427.1,45.8,1190.1,1.6,50,69,60.5,1,109,301.1,230.4,LAKSHADWEEP,1996,1.1,230.4,131.6
1764.7,33.8,216.8,119.7,0.1,2.2,459.6,307,2.3,1127.4,4.9,62.3,101,200.8,1,213.5,534,144,LAKSHADWEEP,1997,0.1,144,119.7
1986.9,40.3,196.7,253.5,0,52,388.8,382,52,1242.2,1.8,68.2,110.3,144.1,1,184.8,582.4,274.7,LAKSHADWEEP,1998,0,274.7,253.5
1857.3,20.6,133.8,49,2.5,47.8,459.4,279.6,50.3,946.2,18.3,416.7,455.6,51.2,1,305,405.2,73.4,LAKSHADWEEP,1999,2.5,73.4,49
1372.1,47.9,319.9,11,18.9,83.3,95.5,225.4,102.2,805.3,3.4,204.6,255.9,56.3,1,141.4,208.7,164.5,LAKSHADWEEP,2000,18.9,164.5,11
1380.6,104.6,144.3,16.6,20.4,4.4,198.9,283.9,24.8,840.6,0,187.3,291.9,101.5,1,105.2,223.3,213.5,LAKSHADWEEP,2001,20.4,213.5,16.6
1033.5,23.4,143.9,17.4,16.8,10.8,81.3,261.8,27.6,537,7.2,189.8,220.4,52.9,1,178.2,248.5,50,LAKSHADWEEP,2002,16.8,50,17.4
1532.9,18.1,92.1,7.5,18.2,11.8,400.6,364.5,30,941.5,28.5,109.6,156.2,206.1,1,191.6,405.2,84.3,LAKSHADWEEP,2003,18.2,84.3,7.5
1553.2,7.7,169.5,2.2,1.5,7.2,280.8,251.2,8.7,901.5,1.9,330.2,339.8,107.6,1,193.4,303.2,200,LAKSHADWEEP,2004,1.5,200,2.2
1575.4,37,102.4,26.6,11.1,17.6,378.9,248.5,28.7,1007.8,0,92.8,129.8,218.3,1,164.2,409.1,278,LAKSHADWEEP,2005,11.1,278,26.6
1598.6,0.3,150.7,10.9,0,20.1,172.3,286.9,20.1,928.4,33,327.9,361.2,158.9,1,119.1,288.9,318.5,LAKSHADWEEP,2006,0,318.5,10.9
2361.6,22.2,294.7,109.6,4.2,2.5,427.4,573.4,6.7,1753,0.2,166.2,188.6,47.6,1,256.1,413.3,457.5,LAKSHADWEEP,2007,4.2,457.5,109.6
1726.8,15.8,206.6,130.1,19.8,5.5,363.9,254.6,25.3,934,120.7,180.4,316.9,67.6,1,252.9,450.6,108.9,LAKSHADWEEP,2008,19.8,108.9,130.1
1570.1,18.1,185,132.3,1.5,4.7,266.4,401.2,6.2,997.7,0.1,162.1,180.3,166.2,1,87.4,385.9,145.1,LAKSHADWEEP,2009,1.5,145.1,132.3
1725.2,35.6,335.1,81.5,0,18.8,336.7,318.9,18.8,1152.2,1.2,79,115.8,201.5,1,155.4,438.4,161.5,LAKSHADWEEP,2010,0,161.5,81.5
1533.7,85.9,254,14.9,2.8,5.1,350.2,153.6,7.9,1013,3.1,107.2,196.2,184.3,1,117.4,316.6,255.2,LAKSHADWEEP,2011,2.8,255.2,14.9
1405.5,76.8,381.2,8.8,0.1,19.2,231.5,327,19.3,1119.5,1.6,21.2,99.6,12.4,1,145.9,167.1,179.8,LAKSHADWEEP,2012,0.1,179.8,8.8
1426.3,5.3,154.4,26.7,34.4,26.2,296.4,426.2,60.6,1057,37.5,88.3,131.1,78.1,1,72.8,177.6,180,LAKSHADWEEP,2013,34.4,180,26.7
1395,14.9,466.1,62.3,16.1,53.2,116.1,244.1,69.3,958.5,4.4,57.4,76.7,59,1,169.2,290.5,132.2,LAKSHADWEEP,2014,16.1,132.2,62.3
1642.9,87.1,146.4,159,0.5,2.2,257.5,296.6,2.7,860.9,3.7,133.1,223.9,231,1,165.4,555.4,160.4,LAKSHADWEEP,2015,0.5,160.4,159
